WS_3_20.bin
         3.00
11
7
Type of measurement (0=app. resistivity,1=resistance)
0
1383
 2
1
Chargeability
mV/V
 0.06,0.5
4  0.00  0.00 9.00  0.00 3.00  0.00 6.00  0.00 395.96  2.65
4  0.00  0.00 27.00  0.00 12.00  0.00 15.00  0.00 350.53  5.52
4  0.00  0.00 33.00  0.00 15.00  0.00 18.00  0.00 302.08  4.03
4  0.00  0.00 39.00  0.00 18.00  0.00 21.00  0.00 312.61  4.81
4  0.00  0.00 45.00  0.00 21.00  0.00 24.00  0.00 344.62  5.40
4  0.00  0.00 51.00  0.00 24.00  0.00 27.00  0.00 361.66  7.16
4  0.00  0.00 57.00  0.00 27.00  0.00 30.00  0.00 356.27  6.53
4  0.00  0.00 63.00  0.00 30.00  0.00 33.00  0.00 351.64  8.12
4  0.00  0.00 75.00  0.00 36.00  0.00 39.00  0.00 366.38  5.80
4  0.00  0.00 81.00  0.00 39.00  0.00 42.00  0.00 453.66  3.77
4  0.00  0.00 87.00  0.00 42.00  0.00 45.00  0.00 556.94  3.59
4  0.00  0.00 93.00  0.00 45.00  0.00 48.00  0.00 584.24  2.39
4  0.00  0.00 99.00  0.00 48.00  0.00 51.00  0.00 589.16  2.58
4  0.00  0.00 105.00  0.00 51.00  0.00 54.00  0.00 599.72  2.83
4  0.00  0.00 111.00  0.00 54.00  0.00 57.00  0.00 588.78  2.21
4  0.00  0.00 12.00  0.00 3.00  0.00 9.00  0.00 388.83  9.39
4  0.00  0.00 18.00  0.00 6.00  0.00 12.00  0.00 382.79  6.96
4  0.00  0.00 30.00  0.00 12.00  0.00 18.00  0.00 327.72  4.66
4  0.00  0.00 36.00  0.00 15.00  0.00 21.00  0.00 305.16  4.07
4  0.00  0.00 42.00  0.00 18.00  0.00 24.00  0.00 330.96  4.90
4  0.00  0.00 48.00  0.00 21.00  0.00 27.00  0.00 368.04  5.83
4  0.00  0.00 54.00  0.00 24.00  0.00 30.00  0.00 372.85  6.40
4  0.00  0.00 60.00  0.00 27.00  0.00 33.00  0.00 371.31  6.53
4  0.00  0.00 66.00  0.00 30.00  0.00 36.00  0.00 341.28  6.73
4  0.00  0.00 78.00  0.00 36.00  0.00 42.00  0.00 367.81  4.65
4  0.00  0.00 84.00  0.00 39.00  0.00 45.00  0.00 469.45  3.51
4  0.00  0.00 90.00  0.00 42.00  0.00 48.00  0.00 566.43  2.99
4  0.00  0.00 96.00  0.00 45.00  0.00 51.00  0.00 596.71  2.07
4  0.00  0.00 102.00  0.00 48.00  0.00 54.00  0.00 590.90  2.60
4  0.00  0.00 108.00  0.00 51.00  0.00 57.00  0.00 586.96  2.40
4  0.00  0.00 15.00  0.00 3.00  0.00 12.00  0.00 368.01  6.94
4  0.00  0.00 21.00  0.00 6.00  0.00 15.00  0.00 383.74  7.45
4  0.00  0.00 33.00  0.00 12.00  0.00 21.00  0.00 312.20  4.69
4  0.00  0.00 39.00  0.00 15.00  0.00 24.00  0.00 313.89  4.29
4  0.00  0.00 45.00  0.00 18.00  0.00 27.00  0.00 354.36  5.67
4  0.00  0.00 51.00  0.00 21.00  0.00 30.00  0.00 383.72  5.51
4  0.00  0.00 57.00  0.00 24.00  0.00 33.00  0.00 385.11  7.55
4  0.00  0.00 63.00  0.00 27.00  0.00 36.00  0.00 367.48  5.55
4  0.00  0.00 69.00  0.00 30.00  0.00 39.00  0.00 365.91  6.48
4  0.00  0.00 81.00  0.00 36.00  0.00 45.00  0.00 415.81  4.30
4  0.00  0.00 87.00  0.00 39.00  0.00 48.00  0.00 507.80  3.63
4  0.00  0.00 93.00  0.00 42.00  0.00 51.00  0.00 581.73  2.27
4  0.00  0.00 99.00  0.00 45.00  0.00 54.00  0.00 605.24  2.19
4  3.00  0.00 12.00  0.00 6.00  0.00 9.00  0.00 415.01  7.22
4  3.00  0.00 18.00  0.00 9.00  0.00 12.00  0.00 331.01  9.40
4  3.00  0.00 24.00  0.00 12.00  0.00 15.00  0.00 347.69  5.64
4  3.00  0.00 30.00  0.00 15.00  0.00 18.00  0.00 330.70  5.55
4  3.00  0.00 36.00  0.00 18.00  0.00 21.00  0.00 299.45  4.30
4  3.00  0.00 42.00  0.00 21.00  0.00 24.00  0.00 315.68  4.77
4  3.00  0.00 48.00  0.00 24.00  0.00 27.00  0.00 344.11  5.56
4  3.00  0.00 54.00  0.00 27.00  0.00 30.00  0.00 361.66  7.16
4  3.00  0.00 60.00  0.00 30.00  0.00 33.00  0.00 354.07  6.55
4  3.00  0.00 66.00  0.00 33.00  0.00 36.00  0.00 354.84  7.88
4  3.00  0.00 72.00  0.00 36.00  0.00 39.00  0.00 342.58  6.61
4  3.00  0.00 78.00  0.00 39.00  0.00 42.00  0.00 391.86  5.52
4  3.00  0.00 84.00  0.00 42.00  0.00 45.00  0.00 469.17  3.50
4  3.00  0.00 90.00  0.00 45.00  0.00 48.00  0.00 558.28  3.36
4  3.00  0.00 96.00  0.00 48.00  0.00 51.00  0.00 583.40  2.34
4  3.00  0.00 102.00  0.00 51.00  0.00 54.00  0.00 585.36  2.67
4  3.00  0.00 108.00  0.00 54.00  0.00 57.00  0.00 596.47  2.85
4  3.00  0.00 114.00  0.00 57.00  0.00 60.00  0.00 588.78  2.21
4  3.00  0.00 15.00  0.00 6.00  0.00 12.00  0.00 376.83  8.15
4  3.00  0.00 21.00  0.00 9.00  0.00 15.00  0.00 356.42  7.19
4  3.00  0.00 27.00  0.00 12.00  0.00 18.00  0.00 338.09  5.80
4  3.00  0.00 33.00  0.00 15.00  0.00 21.00  0.00 311.25  4.68
4  3.00  0.00 39.00  0.00 18.00  0.00 24.00  0.00 305.40  4.08
4  3.00  0.00 45.00  0.00 21.00  0.00 27.00  0.00 336.20  5.00
4  3.00  0.00 51.00  0.00 24.00  0.00 30.00  0.00 366.88  5.94
4  3.00  0.00 57.00  0.00 27.00  0.00 33.00  0.00 372.85  6.40
4  3.00  0.00 63.00  0.00 30.00  0.00 36.00  0.00 367.81  6.50
4  3.00  0.00 69.00  0.00 33.00  0.00 39.00  0.00 350.20  6.50
4  3.00  0.00 75.00  0.00 36.00  0.00 42.00  0.00 334.31  6.26
4  3.00  0.00 81.00  0.00 39.00  0.00 45.00  0.00 396.60  4.56
4  3.00  0.00 87.00  0.00 42.00  0.00 48.00  0.00 484.63  3.40
4  3.00  0.00 93.00  0.00 45.00  0.00 51.00  0.00 567.63  2.86
4  3.00  0.00 99.00  0.00 48.00  0.00 54.00  0.00 593.30  2.04
4  3.00  0.00 105.00  0.00 51.00  0.00 57.00  0.00 584.84  2.61
4  3.00  0.00 111.00  0.00 54.00  0.00 60.00  0.00 586.96  2.40
4  3.00  0.00 18.00  0.00 6.00  0.00 15.00  0.00 363.53  7.29
4  3.00  0.00 24.00  0.00 9.00  0.00 18.00  0.00 358.94  6.79
4  3.00  0.00 30.00  0.00 12.00  0.00 21.00  0.00 326.03  4.88
4  3.00  0.00 36.00  0.00 15.00  0.00 24.00  0.00 308.53  4.83
4  3.00  0.00 42.00  0.00 18.00  0.00 27.00  0.00 315.51  4.42
4  3.00  0.00 48.00  0.00 21.00  0.00 30.00  0.00 355.93  5.79
4  3.00  0.00 54.00  0.00 24.00  0.00 33.00  0.00 380.87  5.66
4  3.00  0.00 60.00  0.00 27.00  0.00 36.00  0.00 385.11  7.55
4  3.00  0.00 66.00  0.00 30.00  0.00 39.00  0.00 369.78  5.49
4  3.00  0.00 72.00  0.00 33.00  0.00 42.00  0.00 369.01  6.05
4  3.00  0.00 78.00  0.00 36.00  0.00 45.00  0.00 369.98  5.14
4  3.00  0.00 84.00  0.00 39.00  0.00 48.00  0.00 440.21  4.13
4  3.00  0.00 90.00  0.00 42.00  0.00 51.00  0.00 518.82  3.42
4  3.00  0.00 96.00  0.00 45.00  0.00 54.00  0.00 582.69  2.14
4  3.00  0.00 102.00  0.00 48.00  0.00 57.00  0.00 602.55  2.18
4  6.00  0.00 15.00  0.00 9.00  0.00 12.00  0.00 330.46  3.99
4  6.00  0.00 21.00  0.00 12.00  0.00 15.00  0.00 314.20  8.93
4  6.00  0.00 27.00  0.00 15.00  0.00 18.00  0.00 328.66  4.93
4  6.00  0.00 33.00  0.00 18.00  0.00 21.00  0.00 296.93  5.63
4  6.00  0.00 39.00  0.00 21.00  0.00 24.00  0.00 295.14  4.79
4  6.00  0.00 45.00  0.00 24.00  0.00 27.00  0.00 316.54  4.85
4  6.00  0.00 51.00  0.00 27.00  0.00 30.00  0.00 343.09  5.88
4  6.00  0.00 57.00  0.00 30.00  0.00 33.00  0.00 359.85  7.04
4  6.00  0.00 69.00  0.00 36.00  0.00 39.00  0.00 363.15  7.58
4  6.00  0.00 75.00  0.00 39.00  0.00 42.00  0.00 345.85  6.11
4  6.00  0.00 81.00  0.00 42.00  0.00 45.00  0.00 408.85  5.33
4  6.00  0.00 87.00  0.00 45.00  0.00 48.00  0.00 482.50  3.30
4  6.00  0.00 93.00  0.00 48.00  0.00 51.00  0.00 560.11  3.22
4  6.00  0.00 99.00  0.00 51.00  0.00 54.00  0.00 581.92  2.33
4  6.00  0.00 105.00  0.00 54.00  0.00 57.00  0.00 580.56  2.66
4  6.00  0.00 111.00  0.00 57.00  0.00 60.00  0.00 596.47  2.85
4  6.00  0.00 117.00  0.00 60.00  0.00 63.00  0.00 588.13  2.20
4  6.00  0.00 18.00  0.00 9.00  0.00 15.00  0.00 320.61  3.43
4  6.00  0.00 24.00  0.00 12.00  0.00 18.00  0.00 318.12  7.19
4  6.00  0.00 30.00  0.00 15.00  0.00 21.00  0.00 309.59  5.51
4  6.00  0.00 36.00  0.00 18.00  0.00 24.00  0.00 289.29  4.71
4  6.00  0.00 42.00  0.00 21.00  0.00 27.00  0.00 305.40  4.47
4  6.00  0.00 48.00  0.00 24.00  0.00 30.00  0.00 338.14  5.18
4  6.00  0.00 54.00  0.00 27.00  0.00 33.00  0.00 364.56  6.16
4  6.00  0.00 60.00  0.00 30.00  0.00 36.00  0.00 371.12  6.36
4  6.00  0.00 66.00  0.00 33.00  0.00 39.00  0.00 369.48  6.37
4  6.00  0.00 72.00  0.00 36.00  0.00 42.00  0.00 360.13  6.22
4  6.00  0.00 78.00  0.00 39.00  0.00 45.00  0.00 344.29  5.76
4  6.00  0.00 84.00  0.00 42.00  0.00 48.00  0.00 415.78  4.50
4  6.00  0.00 90.00  0.00 45.00  0.00 51.00  0.00 494.75  3.33
4  6.00  0.00 96.00  0.00 48.00  0.00 54.00  0.00 565.48  2.85
4  6.00  0.00 102.00  0.00 51.00  0.00 57.00  0.00 588.31  2.02
4  6.00  0.00 108.00  0.00 54.00  0.00 60.00  0.00 580.52  2.62
4  6.00  0.00 114.00  0.00 57.00  0.00 63.00  0.00 586.96  2.40
4  6.00  0.00 21.00  0.00 9.00  0.00 18.00  0.00 311.99  3.89
4  6.00  0.00 27.00  0.00 12.00  0.00 21.00  0.00 303.45  6.74
4  6.00  0.00 33.00  0.00 15.00  0.00 24.00  0.00 301.28  4.89
4  6.00  0.00 39.00  0.00 18.00  0.00 27.00  0.00 301.92  5.13
4  6.00  0.00 45.00  0.00 21.00  0.00 30.00  0.00 317.67  4.87
4  6.00  0.00 51.00  0.00 24.00  0.00 33.00  0.00 358.82  6.03
4  6.00  0.00 57.00  0.00 27.00  0.00 36.00  0.00 375.17  5.96
4  6.00  0.00 63.00  0.00 30.00  0.00 39.00  0.00 385.39  7.25
4  6.00  0.00 69.00  0.00 33.00  0.00 42.00  0.00 371.37  5.43
4  6.00  0.00 75.00  0.00 36.00  0.00 45.00  0.00 375.66  5.68
4  6.00  0.00 81.00  0.00 39.00  0.00 48.00  0.00 383.98  4.86
4  6.00  0.00 87.00  0.00 42.00  0.00 51.00  0.00 456.48  4.03
4  6.00  0.00 93.00  0.00 45.00  0.00 54.00  0.00 528.16  3.24
4  6.00  0.00 99.00  0.00 48.00  0.00 57.00  0.00 581.38  2.08
4  6.00  0.00 105.00  0.00 51.00  0.00 60.00  0.00 598.74  2.18
4  9.00  0.00 18.00  0.00 12.00  0.00 15.00  0.00 279.78  6.37
4  9.00  0.00 24.00  0.00 15.00  0.00 18.00  0.00 302.34  8.72
4  9.00  0.00 30.00  0.00 18.00  0.00 21.00  0.00 272.07  6.10
4  9.00  0.00 36.00  0.00 21.00  0.00 24.00  0.00 276.38  5.69
4  9.00  0.00 42.00  0.00 24.00  0.00 27.00  0.00 294.18  5.10
4  9.00  0.00 48.00  0.00 27.00  0.00 30.00  0.00 316.54  5.64
4  9.00  0.00 54.00  0.00 30.00  0.00 33.00  0.00 338.26  7.05
4  9.00  0.00 66.00  0.00 36.00  0.00 39.00  0.00 353.40  6.44
4  9.00  0.00 72.00  0.00 39.00  0.00 42.00  0.00 377.85  7.03
4  9.00  0.00 78.00  0.00 42.00  0.00 45.00  0.00 359.89  5.76
4  9.00  0.00 84.00  0.00 45.00  0.00 48.00  0.00 422.12  5.14
4  9.00  0.00 90.00  0.00 48.00  0.00 51.00  0.00 489.46  3.14
4  9.00  0.00 96.00  0.00 51.00  0.00 54.00  0.00 560.06  3.20
4  9.00  0.00 102.00  0.00 54.00  0.00 57.00  0.00 579.92  2.31
4  9.00  0.00 108.00  0.00 57.00  0.00 60.00  0.00 580.56  2.66
4  9.00  0.00 114.00  0.00 60.00  0.00 63.00  0.00 594.15  2.87
4  9.00  0.00 120.00  0.00 63.00  0.00 66.00  0.00 587.65  2.19
4  9.00  0.00 21.00  0.00 12.00  0.00 18.00  0.00 276.53  7.17
4  9.00  0.00 27.00  0.00 15.00  0.00 21.00  0.00 284.22  6.23
4  9.00  0.00 33.00  0.00 18.00  0.00 24.00  0.00 273.87  5.51
4  9.00  0.00 39.00  0.00 21.00  0.00 27.00  0.00 278.30  5.05
4  9.00  0.00 45.00  0.00 24.00  0.00 30.00  0.00 310.07  5.09
4  9.00  0.00 51.00  0.00 27.00  0.00 33.00  0.00 334.27  5.67
4  9.00  0.00 57.00  0.00 30.00  0.00 36.00  0.00 359.93  6.88
4  9.00  0.00 69.00  0.00 36.00  0.00 42.00  0.00 363.90  6.12
4  9.00  0.00 75.00  0.00 39.00  0.00 45.00  0.00 379.12  5.67
4  9.00  0.00 81.00  0.00 42.00  0.00 48.00  0.00 361.89  5.44
4  9.00  0.00 87.00  0.00 45.00  0.00 51.00  0.00 431.04  4.42
4  9.00  0.00 93.00  0.00 48.00  0.00 54.00  0.00 500.88  3.28
4  9.00  0.00 99.00  0.00 51.00  0.00 57.00  0.00 563.05  2.84
4  9.00  0.00 105.00  0.00 54.00  0.00 60.00  0.00 583.81  2.01
4  9.00  0.00 111.00  0.00 57.00  0.00 63.00  0.00 580.52  2.62
4  9.00  0.00 117.00  0.00 60.00  0.00 66.00  0.00 583.40  2.41
4  9.00  0.00 24.00  0.00 12.00  0.00 21.00  0.00 264.02  6.12
4  9.00  0.00 30.00  0.00 15.00  0.00 24.00  0.00 278.19  6.71
4  9.00  0.00 36.00  0.00 18.00  0.00 27.00  0.00 264.80  4.99
4  9.00  0.00 42.00  0.00 21.00  0.00 30.00  0.00 301.19  5.51
4  9.00  0.00 48.00  0.00 24.00  0.00 33.00  0.00 326.28  5.42
4  9.00  0.00 54.00  0.00 27.00  0.00 36.00  0.00 358.82  6.43
4  9.00  0.00 60.00  0.00 30.00  0.00 39.00  0.00 374.12  6.25
4  9.00  0.00 72.00  0.00 36.00  0.00 45.00  0.00 371.81  5.39
4  9.00  0.00 78.00  0.00 39.00  0.00 48.00  0.00 391.36  5.05
4  9.00  0.00 84.00  0.00 42.00  0.00 51.00  0.00 401.63  4.68
4  9.00  0.00 90.00  0.00 45.00  0.00 54.00  0.00 469.17  3.91
4  9.00  0.00 96.00  0.00 48.00  0.00 57.00  0.00 533.12  3.15
4  9.00  0.00 102.00  0.00 51.00  0.00 60.00  0.00 579.37  2.07
4  9.00  0.00 108.00  0.00 54.00  0.00 63.00  0.00 595.17  2.19
4  12.00  0.00 21.00  0.00 15.00  0.00 18.00  0.00 234.56  9.22
4  12.00  0.00 27.00  0.00 18.00  0.00 21.00  0.00 232.25  8.72
4  12.00  0.00 33.00  0.00 21.00  0.00 24.00  0.00 251.85  6.10
4  12.00  0.00 39.00  0.00 24.00  0.00 27.00  0.00 269.06  5.74
4  12.00  0.00 45.00  0.00 27.00  0.00 30.00  0.00 294.30  5.51
4  12.00  0.00 51.00  0.00 30.00  0.00 33.00  0.00 314.31  6.56
4  12.00  0.00 57.00  0.00 33.00  0.00 36.00  0.00 339.28  7.89
4  12.00  0.00 63.00  0.00 36.00  0.00 39.00  0.00 356.42  6.92
4  12.00  0.00 69.00  0.00 39.00  0.00 42.00  0.00 355.27  6.02
4  12.00  0.00 75.00  0.00 42.00  0.00 45.00  0.00 401.35  6.50
4  12.00  0.00 81.00  0.00 45.00  0.00 48.00  0.00 389.31  5.14
4  12.00  0.00 87.00  0.00 48.00  0.00 51.00  0.00 445.75  4.68
4  12.00  0.00 93.00  0.00 51.00  0.00 54.00  0.00 518.26  2.87
4  12.00  0.00 99.00  0.00 54.00  0.00 57.00  0.00 561.99  2.84
4  12.00  0.00 105.00  0.00 57.00  0.00 60.00  0.00 578.17  2.19
4  12.00  0.00 111.00  0.00 60.00  0.00 63.00  0.00 576.96  2.65
4  12.00  0.00 117.00  0.00 63.00  0.00 66.00  0.00 592.40  2.89
4  12.00  0.00 123.00  0.00 66.00  0.00 69.00  0.00 587.30  2.19
4  12.00  0.00 24.00  0.00 15.00  0.00 21.00  0.00 224.32  7.52
4  12.00  0.00 30.00  0.00 18.00  0.00 24.00  0.00 237.18  6.23
4  12.00  0.00 36.00  0.00 21.00  0.00 27.00  0.00 249.70  6.23
4  12.00  0.00 42.00  0.00 24.00  0.00 30.00  0.00 285.56  5.49
4  12.00  0.00 48.00  0.00 27.00  0.00 33.00  0.00 314.26  5.97
4  12.00  0.00 54.00  0.00 30.00  0.00 36.00  0.00 335.58  6.76
4  12.00  0.00 60.00  0.00 33.00  0.00 39.00  0.00 357.13  7.37
4  12.00  0.00 66.00  0.00 36.00  0.00 42.00  0.00 368.29  6.19
4  12.00  0.00 72.00  0.00 39.00  0.00 45.00  0.00 364.87  5.69
4  12.00  0.00 78.00  0.00 42.00  0.00 48.00  0.00 396.00  5.18
4  12.00  0.00 84.00  0.00 45.00  0.00 51.00  0.00 384.49  4.85
4  12.00  0.00 90.00  0.00 48.00  0.00 54.00  0.00 458.82  4.14
4  12.00  0.00 96.00  0.00 51.00  0.00 57.00  0.00 525.74  3.19
4  12.00  0.00 102.00  0.00 54.00  0.00 60.00  0.00 562.15  2.70
4  12.00  0.00 108.00  0.00 57.00  0.00 63.00  0.00 579.61  1.92
4  12.00  0.00 114.00  0.00 60.00  0.00 66.00  0.00 577.28  2.63
4  12.00  0.00 120.00  0.00 63.00  0.00 69.00  0.00 580.86  2.42
4  12.00  0.00 27.00  0.00 15.00  0.00 24.00  0.00 219.60  7.57
4  12.00  0.00 33.00  0.00 18.00  0.00 27.00  0.00 245.24  6.74
4  12.00  0.00 39.00  0.00 21.00  0.00 30.00  0.00 264.80  6.55
4  12.00  0.00 45.00  0.00 24.00  0.00 33.00  0.00 306.66  5.93
4  12.00  0.00 51.00  0.00 27.00  0.00 36.00  0.00 333.81  6.28
4  12.00  0.00 57.00  0.00 30.00  0.00 39.00  0.00 358.70  6.81
4  12.00  0.00 63.00  0.00 33.00  0.00 42.00  0.00 373.60  6.41
4  12.00  0.00 69.00  0.00 36.00  0.00 45.00  0.00 387.18  6.15
4  12.00  0.00 75.00  0.00 39.00  0.00 48.00  0.00 377.09  5.24
4  12.00  0.00 81.00  0.00 42.00  0.00 51.00  0.00 404.66  4.42
4  12.00  0.00 87.00  0.00 45.00  0.00 54.00  0.00 437.07  4.28
4  12.00  0.00 93.00  0.00 48.00  0.00 57.00  0.00 495.72  3.69
4  12.00  0.00 99.00  0.00 51.00  0.00 60.00  0.00 551.59  2.92
4  12.00  0.00 105.00  0.00 54.00  0.00 63.00  0.00 578.30  1.96
4  12.00  0.00 111.00  0.00 57.00  0.00 66.00  0.00 591.75  2.14
4  15.00  0.00 24.00  0.00 18.00  0.00 21.00  0.00 186.70  6.24
4  15.00  0.00 30.00  0.00 21.00  0.00 24.00  0.00 222.61  9.98
4  15.00  0.00 36.00  0.00 24.00  0.00 27.00  0.00 240.40  6.53
4  15.00  0.00 42.00  0.00 27.00  0.00 30.00  0.00 268.85  6.17
4  15.00  0.00 48.00  0.00 30.00  0.00 33.00  0.00 294.41  6.05
4  15.00  0.00 54.00  0.00 33.00  0.00 36.00  0.00 317.14  7.43
4  15.00  0.00 60.00  0.00 36.00  0.00 39.00  0.00 336.49  8.42
4  15.00  0.00 66.00  0.00 39.00  0.00 42.00  0.00 358.40  6.47
4  15.00  0.00 72.00  0.00 42.00  0.00 45.00  0.00 357.14  5.64
4  15.00  0.00 78.00  0.00 45.00  0.00 48.00  0.00 422.94  6.08
4  15.00  0.00 84.00  0.00 48.00  0.00 51.00  0.00 417.38  4.50
4  15.00  0.00 90.00  0.00 51.00  0.00 54.00  0.00 470.68  4.26
4  15.00  0.00 96.00  0.00 54.00  0.00 57.00  0.00 535.56  2.65
4  15.00  0.00 102.00  0.00 57.00  0.00 60.00  0.00 561.99  2.65
4  15.00  0.00 108.00  0.00 60.00  0.00 63.00  0.00 574.69  2.19
4  15.00  0.00 114.00  0.00 63.00  0.00 66.00  0.00 572.26  2.57
4  15.00  0.00 120.00  0.00 66.00  0.00 69.00  0.00 585.96  2.89
4  15.00  0.00 27.00  0.00 18.00  0.00 24.00  0.00 190.44  6.71
4  15.00  0.00 33.00  0.00 21.00  0.00 27.00  0.00 235.10  8.11
4  15.00  0.00 39.00  0.00 24.00  0.00 30.00  0.00 249.70  7.65
4  15.00  0.00 45.00  0.00 27.00  0.00 33.00  0.00 292.83  6.19
4  15.00  0.00 51.00  0.00 30.00  0.00 36.00  0.00 318.45  6.60
4  15.00  0.00 57.00  0.00 33.00  0.00 39.00  0.00 341.17  7.71
4  15.00  0.00 63.00  0.00 36.00  0.00 42.00  0.00 356.64  7.37
4  15.00  0.00 69.00  0.00 39.00  0.00 45.00  0.00 369.47  5.72
4  15.00  0.00 75.00  0.00 42.00  0.00 48.00  0.00 372.40  5.40
4  15.00  0.00 81.00  0.00 45.00  0.00 51.00  0.00 418.84  4.71
4  15.00  0.00 87.00  0.00 48.00  0.00 54.00  0.00 419.05  4.39
4  15.00  0.00 93.00  0.00 51.00  0.00 57.00  0.00 484.21  3.93
4  15.00  0.00 99.00  0.00 54.00  0.00 60.00  0.00 538.73  3.08
4  15.00  0.00 105.00  0.00 57.00  0.00 63.00  0.00 560.35  2.59
4  15.00  0.00 111.00  0.00 60.00  0.00 66.00  0.00 573.08  1.94
4  15.00  0.00 117.00  0.00 63.00  0.00 69.00  0.00 569.71  2.59
4  15.00  0.00 30.00  0.00 18.00  0.00 27.00  0.00 199.29  6.90
4  15.00  0.00 36.00  0.00 21.00  0.00 30.00  0.00 238.00  7.33
4  15.00  0.00 42.00  0.00 24.00  0.00 33.00  0.00 272.11  6.77
4  15.00  0.00 48.00  0.00 27.00  0.00 36.00  0.00 312.13  6.34
4  15.00  0.00 54.00  0.00 30.00  0.00 39.00  0.00 341.34  6.84
4  15.00  0.00 60.00  0.00 33.00  0.00 42.00  0.00 358.95  7.06
4  15.00  0.00 66.00  0.00 36.00  0.00 45.00  0.00 373.60  6.45
4  15.00  0.00 72.00  0.00 39.00  0.00 48.00  0.00 398.46  5.45
4  15.00  0.00 78.00  0.00 42.00  0.00 51.00  0.00 389.62  5.05
4  15.00  0.00 84.00  0.00 45.00  0.00 54.00  0.00 429.46  3.98
4  15.00  0.00 90.00  0.00 48.00  0.00 57.00  0.00 471.61  3.85
4  15.00  0.00 96.00  0.00 51.00  0.00 60.00  0.00 517.40  3.50
4  15.00  0.00 102.00  0.00 54.00  0.00 63.00  0.00 561.77  2.74
4  15.00  0.00 108.00  0.00 57.00  0.00 66.00  0.00 576.15  1.96
4  15.00  0.00 114.00  0.00 60.00  0.00 69.00  0.00 587.44  2.16
4  18.00  0.00 27.00  0.00 21.00  0.00 24.00  0.00 162.01  8.87
4  18.00  0.00 33.00  0.00 24.00  0.00 27.00  0.00 220.92  11.50
4  18.00  0.00 39.00  0.00 27.00  0.00 30.00  0.00 240.40  6.99
4  18.00  0.00 45.00  0.00 30.00  0.00 33.00  0.00 268.65  6.85
4  18.00  0.00 51.00  0.00 33.00  0.00 36.00  0.00 297.22  7.23
4  18.00  0.00 57.00  0.00 36.00  0.00 39.00  0.00 320.80  7.49
4  18.00  0.00 63.00  0.00 39.00  0.00 42.00  0.00 336.49  7.94
4  18.00  0.00 69.00  0.00 42.00  0.00 45.00  0.00 362.78  6.23
4  18.00  0.00 75.00  0.00 45.00  0.00 48.00  0.00 379.52  5.20
4  18.00  0.00 81.00  0.00 48.00  0.00 51.00  0.00 443.91  5.50
4  18.00  0.00 87.00  0.00 51.00  0.00 54.00  0.00 456.21  4.09
4  18.00  0.00 93.00  0.00 54.00  0.00 57.00  0.00 494.12  3.87
4  18.00  0.00 99.00  0.00 57.00  0.00 60.00  0.00 541.33  2.44
4  18.00  0.00 105.00  0.00 60.00  0.00 63.00  0.00 560.07  2.57
4  18.00  0.00 111.00  0.00 63.00  0.00 66.00  0.00 570.22  2.21
4  18.00  0.00 117.00  0.00 66.00  0.00 69.00  0.00 567.08  2.58
4  18.00  0.00 129.00  0.00 72.00  0.00 75.00  0.00 582.36  2.11
4  18.00  0.00 30.00  0.00 21.00  0.00 27.00  0.00 179.86  8.63
4  18.00  0.00 36.00  0.00 24.00  0.00 30.00  0.00 228.56  9.56
4  18.00  0.00 42.00  0.00 27.00  0.00 33.00  0.00 267.89  7.65
4  18.00  0.00 48.00  0.00 30.00  0.00 36.00  0.00 300.09  6.59
4  18.00  0.00 54.00  0.00 33.00  0.00 39.00  0.00 326.39  7.28
4  18.00  0.00 60.00  0.00 36.00  0.00 42.00  0.00 350.63  7.74
4  18.00  0.00 66.00  0.00 39.00  0.00 45.00  0.00 356.15  6.99
4  18.00  0.00 72.00  0.00 42.00  0.00 48.00  0.00 371.94  5.43
4  18.00  0.00 78.00  0.00 45.00  0.00 51.00  0.00 392.68  4.98
4  18.00  0.00 84.00  0.00 48.00  0.00 54.00  0.00 444.11  4.33
4  18.00  0.00 90.00  0.00 51.00  0.00 57.00  0.00 455.94  4.02
4  18.00  0.00 96.00  0.00 54.00  0.00 60.00  0.00 507.22  3.74
4  18.00  0.00 102.00  0.00 57.00  0.00 63.00  0.00 539.83  2.97
4  18.00  0.00 108.00  0.00 60.00  0.00 66.00  0.00 556.03  2.61
4  18.00  0.00 114.00  0.00 63.00  0.00 69.00  0.00 564.72  1.95
4  18.00  0.00 120.00  0.00 66.00  0.00 72.00  0.00 562.68  2.59
4  18.00  0.00 33.00  0.00 21.00  0.00 30.00  0.00 199.60  9.06
4  18.00  0.00 45.00  0.00 27.00  0.00 36.00  0.00 284.02  7.01
4  18.00  0.00 51.00  0.00 30.00  0.00 39.00  0.00 317.59  6.89
4  18.00  0.00 57.00  0.00 33.00  0.00 42.00  0.00 337.56  7.29
4  18.00  0.00 63.00  0.00 36.00  0.00 45.00  0.00 359.19  6.96
4  18.00  0.00 69.00  0.00 39.00  0.00 48.00  0.00 373.60  6.45
4  18.00  0.00 75.00  0.00 42.00  0.00 51.00  0.00 405.90  5.29
4  18.00  0.00 81.00  0.00 45.00  0.00 54.00  0.00 411.49  4.79
4  18.00  0.00 87.00  0.00 48.00  0.00 57.00  0.00 457.60  3.70
4  18.00  0.00 93.00  0.00 51.00  0.00 60.00  0.00 500.73  3.47
4  18.00  0.00 99.00  0.00 54.00  0.00 63.00  0.00 534.22  3.34
4  18.00  0.00 105.00  0.00 57.00  0.00 66.00  0.00 563.66  2.62
4  18.00  0.00 111.00  0.00 60.00  0.00 69.00  0.00 572.34  2.02
4  18.00  0.00 117.00  0.00 63.00  0.00 72.00  0.00 581.50  2.22
4  21.00  0.00 30.00  0.00 24.00  0.00 27.00  0.00 151.42  8.29
4  21.00  0.00 36.00  0.00 27.00  0.00 30.00  0.00 210.33  12.20
4  21.00  0.00 42.00  0.00 30.00  0.00 33.00  0.00 256.94  6.99
4  21.00  0.00 48.00  0.00 33.00  0.00 36.00  0.00 272.00  8.30
4  21.00  0.00 54.00  0.00 36.00  0.00 39.00  0.00 299.90  8.10
4  21.00  0.00 60.00  0.00 39.00  0.00 42.00  0.00 323.63  7.53
4  21.00  0.00 66.00  0.00 42.00  0.00 45.00  0.00 331.65  7.47
4  21.00  0.00 72.00  0.00 45.00  0.00 48.00  0.00 386.26  5.73
4  21.00  0.00 78.00  0.00 48.00  0.00 51.00  0.00 402.66  4.71
4  21.00  0.00 84.00  0.00 51.00  0.00 54.00  0.00 475.61  5.03
4  21.00  0.00 90.00  0.00 54.00  0.00 57.00  0.00 494.17  3.76
4  21.00  0.00 96.00  0.00 57.00  0.00 60.00  0.00 507.80  3.50
4  21.00  0.00 102.00  0.00 60.00  0.00 63.00  0.00 545.72  2.33
4  21.00  0.00 108.00  0.00 63.00  0.00 66.00  0.00 556.24  2.61
4  21.00  0.00 114.00  0.00 66.00  0.00 69.00  0.00 564.70  2.23
4  21.00  0.00 126.00  0.00 72.00  0.00 75.00  0.00 575.06  2.89
4  21.00  0.00 132.00  0.00 75.00  0.00 78.00  0.00 582.01  2.11
4  21.00  0.00 33.00  0.00 24.00  0.00 30.00  0.00 177.88  9.21
4  21.00  0.00 45.00  0.00 30.00  0.00 36.00  0.00 267.97  7.80
4  21.00  0.00 51.00  0.00 33.00  0.00 39.00  0.00 306.52  7.62
4  21.00  0.00 57.00  0.00 36.00  0.00 42.00  0.00 316.88  7.70
4  21.00  0.00 63.00  0.00 39.00  0.00 45.00  0.00 350.63  7.03
4  21.00  0.00 69.00  0.00 42.00  0.00 48.00  0.00 356.15  6.60
4  21.00  0.00 75.00  0.00 45.00  0.00 51.00  0.00 393.94  4.97
4  21.00  0.00 81.00  0.00 48.00  0.00 54.00  0.00 419.97  4.60
4  21.00  0.00 87.00  0.00 51.00  0.00 57.00  0.00 470.63  3.96
4  21.00  0.00 93.00  0.00 54.00  0.00 60.00  0.00 488.51  3.79
4  21.00  0.00 99.00  0.00 57.00  0.00 63.00  0.00 519.50  3.55
4  21.00  0.00 105.00  0.00 60.00  0.00 66.00  0.00 539.83  2.90
4  21.00  0.00 111.00  0.00 63.00  0.00 69.00  0.00 549.19  2.75
4  21.00  0.00 117.00  0.00 66.00  0.00 72.00  0.00 558.20  1.95
4  21.00  0.00 129.00  0.00 72.00  0.00 78.00  0.00 558.81  2.27
4  21.00  0.00 36.00  0.00 24.00  0.00 33.00  0.00 318.01  16.21
4  21.00  0.00 42.00  0.00 27.00  0.00 36.00  0.00 243.86  10.46
4  21.00  0.00 48.00  0.00 30.00  0.00 39.00  0.00 284.02  7.04
4  21.00  0.00 54.00  0.00 33.00  0.00 42.00  0.00 313.84  7.41
4  21.00  0.00 60.00  0.00 36.00  0.00 45.00  0.00 333.79  7.34
4  21.00  0.00 66.00  0.00 39.00  0.00 48.00  0.00 359.44  6.86
4  21.00  0.00 72.00  0.00 42.00  0.00 51.00  0.00 375.87  5.82
4  21.00  0.00 78.00  0.00 45.00  0.00 54.00  0.00 427.00  4.84
4  21.00  0.00 84.00  0.00 48.00  0.00 57.00  0.00 435.92  4.48
4  21.00  0.00 90.00  0.00 51.00  0.00 60.00  0.00 483.37  3.52
4  21.00  0.00 96.00  0.00 54.00  0.00 63.00  0.00 524.30  3.19
4  21.00  0.00 102.00  0.00 57.00  0.00 66.00  0.00 543.16  3.21
4  21.00  0.00 108.00  0.00 60.00  0.00 69.00  0.00 564.61  2.56
4  21.00  0.00 114.00  0.00 63.00  0.00 72.00  0.00 567.92  2.06
4  21.00  0.00 120.00  0.00 66.00  0.00 75.00  0.00 578.92  2.22
4  24.00  0.00 33.00  0.00 27.00  0.00 30.00  0.00 156.14  10.87
4  24.00  0.00 45.00  0.00 33.00  0.00 36.00  0.00 256.94  6.99
4  24.00  0.00 51.00  0.00 36.00  0.00 39.00  0.00 275.56  9.32
4  24.00  0.00 57.00  0.00 39.00  0.00 42.00  0.00 299.90  8.74
4  24.00  0.00 63.00  0.00 42.00  0.00 45.00  0.00 323.63  7.53
4  24.00  0.00 69.00  0.00 45.00  0.00 48.00  0.00 346.04  6.47
4  24.00  0.00 75.00  0.00 48.00  0.00 51.00  0.00 412.43  5.19
4  24.00  0.00 81.00  0.00 51.00  0.00 54.00  0.00 440.32  4.28
4  24.00  0.00 87.00  0.00 54.00  0.00 57.00  0.00 500.92  4.57
4  24.00  0.00 93.00  0.00 57.00  0.00 60.00  0.00 520.06  3.47
4  24.00  0.00 99.00  0.00 60.00  0.00 63.00  0.00 510.14  3.35
4  24.00  0.00 105.00  0.00 63.00  0.00 66.00  0.00 545.72  2.30
4  24.00  0.00 111.00  0.00 66.00  0.00 69.00  0.00 550.47  2.62
4  24.00  0.00 117.00  0.00 69.00  0.00 72.00  0.00 557.92  2.21
4  24.00  0.00 123.00  0.00 72.00  0.00 75.00  0.00 555.18  2.32
4  24.00  0.00 129.00  0.00 75.00  0.00 78.00  0.00 571.01  2.83
4  24.00  0.00 135.00  0.00 78.00  0.00 81.00  0.00 581.54  2.10
4  24.00  0.00 36.00  0.00 27.00  0.00 33.00  0.00 318.17  18.21
4  24.00  0.00 42.00  0.00 30.00  0.00 36.00  0.00 234.83  11.55
4  24.00  0.00 48.00  0.00 33.00  0.00 39.00  0.00 267.97  7.80
4  24.00  0.00 54.00  0.00 36.00  0.00 42.00  0.00 295.39  8.37
4  24.00  0.00 60.00  0.00 39.00  0.00 45.00  0.00 307.37  7.98
4  24.00  0.00 66.00  0.00 42.00  0.00 48.00  0.00 350.63  6.31
4  24.00  0.00 72.00  0.00 45.00  0.00 51.00  0.00 364.15  5.83
4  24.00  0.00 78.00  0.00 48.00  0.00 54.00  0.00 421.03  4.49
4  24.00  0.00 84.00  0.00 51.00  0.00 57.00  0.00 448.09  4.33
4  24.00  0.00 90.00  0.00 54.00  0.00 60.00  0.00 492.58  3.73
4  24.00  0.00 96.00  0.00 57.00  0.00 63.00  0.00 509.47  3.59
4  24.00  0.00 102.00  0.00 60.00  0.00 66.00  0.00 520.80  3.43
4  24.00  0.00 108.00  0.00 63.00  0.00 69.00  0.00 538.91  2.89
4  24.00  0.00 114.00  0.00 66.00  0.00 72.00  0.00 543.31  2.82
4  24.00  0.00 120.00  0.00 69.00  0.00 75.00  0.00 552.20  1.95
4  24.00  0.00 126.00  0.00 72.00  0.00 78.00  0.00 553.04  2.47
4  24.00  0.00 132.00  0.00 75.00  0.00 81.00  0.00 557.68  2.24
4  24.00  0.00 39.00  0.00 27.00  0.00 36.00  0.00 178.32  8.61
4  24.00  0.00 45.00  0.00 30.00  0.00 39.00  0.00 238.26  10.71
4  24.00  0.00 51.00  0.00 33.00  0.00 42.00  0.00 283.06  8.31
4  24.00  0.00 57.00  0.00 36.00  0.00 45.00  0.00 310.09  7.82
4  24.00  0.00 63.00  0.00 39.00  0.00 48.00  0.00 330.01  7.40
4  24.00  0.00 69.00  0.00 42.00  0.00 51.00  0.00 379.75  6.10
4  24.00  0.00 75.00  0.00 45.00  0.00 54.00  0.00 398.82  5.08
4  24.00  0.00 81.00  0.00 48.00  0.00 57.00  0.00 446.54  4.50
4  24.00  0.00 87.00  0.00 51.00  0.00 60.00  0.00 468.05  4.12
4  24.00  0.00 93.00  0.00 54.00  0.00 63.00  0.00 504.37  3.46
4  24.00  0.00 99.00  0.00 57.00  0.00 66.00  0.00 538.62  2.93
4  24.00  0.00 105.00  0.00 60.00  0.00 69.00  0.00 544.06  3.17
4  24.00  0.00 111.00  0.00 63.00  0.00 72.00  0.00 562.71  2.56
4  24.00  0.00 117.00  0.00 66.00  0.00 75.00  0.00 564.10  2.09
4  24.00  0.00 123.00  0.00 69.00  0.00 78.00  0.00 580.65  2.22
4  27.00  0.00 36.00  0.00 30.00  0.00 33.00  0.00 359.23  17.61
4  27.00  0.00 48.00  0.00 36.00  0.00 39.00  0.00 206.64  10.66
4  27.00  0.00 54.00  0.00 39.00  0.00 42.00  0.00 275.06  10.09
4  27.00  0.00 60.00  0.00 42.00  0.00 45.00  0.00 299.90  8.20
4  27.00  0.00 66.00  0.00 45.00  0.00 48.00  0.00 339.17  6.76
4  27.00  0.00 72.00  0.00 48.00  0.00 51.00  0.00 394.06  5.60
4  27.00  0.00 78.00  0.00 51.00  0.00 54.00  0.00 444.37  4.62
4  27.00  0.00 84.00  0.00 54.00  0.00 57.00  0.00 478.38  4.09
4  27.00  0.00 90.00  0.00 57.00  0.00 60.00  0.00 519.34  4.11
4  27.00  0.00 96.00  0.00 60.00  0.00 63.00  0.00 533.87  3.23
4  27.00  0.00 102.00  0.00 63.00  0.00 66.00  0.00 511.46  3.03
4  27.00  0.00 108.00  0.00 66.00  0.00 69.00  0.00 540.36  2.29
4  27.00  0.00 114.00  0.00 69.00  0.00 72.00  0.00 541.44  2.61
4  27.00  0.00 120.00  0.00 72.00  0.00 75.00  0.00 551.51  2.17
4  27.00  0.00 126.00  0.00 75.00  0.00 78.00  0.00 547.71  2.24
4  27.00  0.00 132.00  0.00 78.00  0.00 81.00  0.00 569.70  2.81
4  27.00  0.00 138.00  0.00 81.00  0.00 84.00  0.00 580.88  2.09
4  27.00  0.00 39.00  0.00 30.00  0.00 36.00  0.00 174.40  8.62
4  27.00  0.00 45.00  0.00 33.00  0.00 39.00  0.00 229.07  12.01
4  27.00  0.00 51.00  0.00 36.00  0.00 42.00  0.00 252.90  10.47
4  27.00  0.00 57.00  0.00 39.00  0.00 45.00  0.00 284.26  9.11
4  27.00  0.00 63.00  0.00 42.00  0.00 48.00  0.00 307.37  7.48
4  27.00  0.00 69.00  0.00 45.00  0.00 51.00  0.00 376.48  5.87
4  27.00  0.00 75.00  0.00 48.00  0.00 54.00  0.00 405.58  5.17
4  27.00  0.00 81.00  0.00 51.00  0.00 57.00  0.00 450.13  4.18
4  27.00  0.00 87.00  0.00 54.00  0.00 60.00  0.00 481.83  4.05
4  27.00  0.00 93.00  0.00 57.00  0.00 63.00  0.00 514.53  3.52
4  27.00  0.00 99.00  0.00 60.00  0.00 66.00  0.00 528.76  3.44
4  27.00  0.00 105.00  0.00 63.00  0.00 69.00  0.00 519.34  3.22
4  27.00  0.00 111.00  0.00 66.00  0.00 72.00  0.00 532.59  2.85
4  27.00  0.00 117.00  0.00 69.00  0.00 75.00  0.00 538.40  2.81
4  27.00  0.00 123.00  0.00 72.00  0.00 78.00  0.00 546.72  1.95
4  27.00  0.00 129.00  0.00 75.00  0.00 81.00  0.00 549.58  2.42
4  27.00  0.00 135.00  0.00 78.00  0.00 84.00  0.00 556.10  2.19
4  27.00  0.00 42.00  0.00 30.00  0.00 39.00  0.00 165.91  9.51
4  27.00  0.00 48.00  0.00 33.00  0.00 42.00  0.00 235.41  11.42
4  27.00  0.00 54.00  0.00 36.00  0.00 45.00  0.00 279.96  9.28
4  27.00  0.00 60.00  0.00 39.00  0.00 48.00  0.00 306.34  7.92
4  27.00  0.00 66.00  0.00 42.00  0.00 51.00  0.00 367.51  6.54
4  27.00  0.00 72.00  0.00 45.00  0.00 54.00  0.00 406.97  5.22
4  27.00  0.00 78.00  0.00 48.00  0.00 57.00  0.00 439.47  4.31
4  27.00  0.00 84.00  0.00 51.00  0.00 60.00  0.00 472.72  4.14
4  27.00  0.00 90.00  0.00 54.00  0.00 63.00  0.00 500.24  3.76
4  27.00  0.00 96.00  0.00 57.00  0.00 66.00  0.00 522.50  3.39
4  27.00  0.00 102.00  0.00 60.00  0.00 69.00  0.00 543.69  2.69
4  27.00  0.00 108.00  0.00 63.00  0.00 72.00  0.00 539.40  3.08
4  27.00  0.00 114.00  0.00 66.00  0.00 75.00  0.00 551.52  2.61
4  27.00  0.00 120.00  0.00 69.00  0.00 78.00  0.00 560.54  2.06
4  27.00  0.00 126.00  0.00 72.00  0.00 81.00  0.00 579.93  2.17
4  30.00  0.00 39.00  0.00 33.00  0.00 36.00  0.00 180.66  9.25
4  30.00  0.00 51.00  0.00 39.00  0.00 42.00  0.00 206.64  10.81
4  30.00  0.00 57.00  0.00 42.00  0.00 45.00  0.00 275.06  9.42
4  30.00  0.00 63.00  0.00 45.00  0.00 48.00  0.00 320.12  7.03
4  30.00  0.00 69.00  0.00 48.00  0.00 51.00  0.00 386.62  5.81
4  30.00  0.00 75.00  0.00 51.00  0.00 54.00  0.00 443.27  4.74
4  30.00  0.00 81.00  0.00 54.00  0.00 57.00  0.00 477.50  4.16
4  30.00  0.00 87.00  0.00 57.00  0.00 60.00  0.00 514.95  3.96
4  30.00  0.00 93.00  0.00 60.00  0.00 63.00  0.00 537.76  3.65
4  30.00  0.00 99.00  0.00 63.00  0.00 66.00  0.00 540.56  3.05
4  30.00  0.00 105.00  0.00 66.00  0.00 69.00  0.00 507.27  2.77
4  30.00  0.00 111.00  0.00 69.00  0.00 72.00  0.00 533.79  2.29
4  30.00  0.00 117.00  0.00 72.00  0.00 75.00  0.00 531.29  2.53
4  30.00  0.00 123.00  0.00 75.00  0.00 78.00  0.00 541.55  2.19
4  30.00  0.00 129.00  0.00 78.00  0.00 81.00  0.00 538.87  2.08
4  30.00  0.00 135.00  0.00 81.00  0.00 84.00  0.00 567.95  2.78
4  30.00  0.00 141.00  0.00 84.00  0.00 87.00  0.00 580.88  2.09
4  30.00  0.00 42.00  0.00 33.00  0.00 39.00  0.00 168.81  10.91
4  30.00  0.00 48.00  0.00 36.00  0.00 42.00  0.00 229.07  12.70
4  30.00  0.00 54.00  0.00 39.00  0.00 45.00  0.00 252.90  10.47
4  30.00  0.00 60.00  0.00 42.00  0.00 48.00  0.00 284.26  8.28
4  30.00  0.00 66.00  0.00 45.00  0.00 51.00  0.00 363.79  6.30
4  30.00  0.00 72.00  0.00 48.00  0.00 54.00  0.00 417.35  5.31
4  30.00  0.00 78.00  0.00 51.00  0.00 57.00  0.00 455.92  4.33
4  30.00  0.00 84.00  0.00 54.00  0.00 60.00  0.00 481.25  3.90
4  30.00  0.00 90.00  0.00 57.00  0.00 63.00  0.00 515.56  3.60
4  30.00  0.00 96.00  0.00 60.00  0.00 66.00  0.00 526.66  3.39
4  30.00  0.00 102.00  0.00 63.00  0.00 69.00  0.00 528.76  3.16
4  30.00  0.00 108.00  0.00 66.00  0.00 72.00  0.00 513.98  3.04
4  30.00  0.00 114.00  0.00 69.00  0.00 75.00  0.00 523.09  2.84
4  30.00  0.00 120.00  0.00 72.00  0.00 78.00  0.00 534.01  2.81
4  30.00  0.00 126.00  0.00 75.00  0.00 81.00  0.00 542.10  1.95
4  30.00  0.00 132.00  0.00 78.00  0.00 84.00  0.00 548.86  2.38
4  30.00  0.00 138.00  0.00 81.00  0.00 87.00  0.00 556.10  2.19
4  30.00  0.00 45.00  0.00 33.00  0.00 42.00  0.00 174.60  10.62
4  30.00  0.00 51.00  0.00 36.00  0.00 45.00  0.00 235.41  11.42
4  30.00  0.00 57.00  0.00 39.00  0.00 48.00  0.00 263.57  9.28
4  30.00  0.00 63.00  0.00 42.00  0.00 51.00  0.00 363.79  7.06
4  30.00  0.00 69.00  0.00 45.00  0.00 54.00  0.00 424.91  5.53
4  30.00  0.00 75.00  0.00 48.00  0.00 57.00  0.00 454.77  4.34
4  30.00  0.00 81.00  0.00 51.00  0.00 60.00  0.00 484.00  4.15
4  30.00  0.00 87.00  0.00 54.00  0.00 63.00  0.00 496.79  3.87
4  30.00  0.00 93.00  0.00 57.00  0.00 66.00  0.00 520.35  3.56
4  30.00  0.00 99.00  0.00 60.00  0.00 69.00  0.00 528.69  3.33
4  30.00  0.00 105.00  0.00 63.00  0.00 72.00  0.00 543.69  2.64
4  30.00  0.00 111.00  0.00 66.00  0.00 75.00  0.00 527.78  3.05
4  30.00  0.00 117.00  0.00 69.00  0.00 78.00  0.00 541.35  2.63
4  30.00  0.00 123.00  0.00 72.00  0.00 81.00  0.00 551.14  2.02
4  30.00  0.00 129.00  0.00 75.00  0.00 84.00  0.00 570.92  2.16
4  33.00  0.00 42.00  0.00 36.00  0.00 39.00  0.00 345.09  21.90
4  33.00  0.00 48.00  0.00 39.00  0.00 42.00  0.00 202.43  14.57
4  33.00  0.00 54.00  0.00 42.00  0.00 45.00  0.00 269.38  10.81
4  33.00  0.00 60.00  0.00 45.00  0.00 48.00  0.00 296.12  8.06
4  33.00  0.00 66.00  0.00 48.00  0.00 51.00  0.00 378.81  5.83
4  33.00  0.00 72.00  0.00 51.00  0.00 54.00  0.00 438.89  4.75
4  33.00  0.00 78.00  0.00 54.00  0.00 57.00  0.00 492.90  4.37
4  33.00  0.00 84.00  0.00 57.00  0.00 60.00  0.00 507.05  3.79
4  33.00  0.00 90.00  0.00 60.00  0.00 63.00  0.00 531.72  3.78
4  33.00  0.00 96.00  0.00 63.00  0.00 66.00  0.00 547.40  3.42
4  33.00  0.00 102.00  0.00 66.00  0.00 69.00  0.00 528.93  2.88
4  33.00  0.00 114.00  0.00 72.00  0.00 75.00  0.00 518.96  2.31
4  33.00  0.00 120.00  0.00 75.00  0.00 78.00  0.00 520.23  2.54
4  33.00  0.00 126.00  0.00 78.00  0.00 81.00  0.00 530.51  2.16
4  33.00  0.00 132.00  0.00 81.00  0.00 84.00  0.00 537.03  2.01
4  33.00  0.00 138.00  0.00 84.00  0.00 87.00  0.00 567.95  2.78
4  33.00  0.00 45.00  0.00 36.00  0.00 42.00  0.00 307.52  21.68
4  33.00  0.00 51.00  0.00 39.00  0.00 45.00  0.00 231.80  12.70
4  33.00  0.00 57.00  0.00 42.00  0.00 48.00  0.00 252.90  9.59
4  33.00  0.00 63.00  0.00 45.00  0.00 51.00  0.00 363.82  7.05
4  33.00  0.00 69.00  0.00 48.00  0.00 54.00  0.00 423.71  4.93
4  33.00  0.00 75.00  0.00 51.00  0.00 57.00  0.00 473.68  4.64
4  33.00  0.00 81.00  0.00 54.00  0.00 60.00  0.00 501.83  4.14
4  33.00  0.00 87.00  0.00 57.00  0.00 63.00  0.00 510.15  3.79
4  33.00  0.00 93.00  0.00 60.00  0.00 66.00  0.00 527.16  3.38
4  33.00  0.00 99.00  0.00 63.00  0.00 69.00  0.00 526.66  3.22
4  33.00  0.00 123.00  0.00 75.00  0.00 81.00  0.00 530.14  2.81
4  33.00  0.00 129.00  0.00 78.00  0.00 84.00  0.00 538.34  1.95
4  33.00  0.00 135.00  0.00 81.00  0.00 87.00  0.00 547.91  2.34
4  33.00  0.00 141.00  0.00 84.00  0.00 90.00  0.00 556.10  2.19
4  33.00  0.00 48.00  0.00 36.00  0.00 45.00  0.00 315.99  19.75
4  33.00  0.00 54.00  0.00 39.00  0.00 48.00  0.00 235.41  10.40
4  33.00  0.00 60.00  0.00 42.00  0.00 51.00  0.00 279.96  7.77
4  33.00  0.00 66.00  0.00 45.00  0.00 54.00  0.00 425.28  5.99
4  33.00  0.00 72.00  0.00 48.00  0.00 57.00  0.00 482.31  4.51
4  33.00  0.00 78.00  0.00 51.00  0.00 60.00  0.00 485.06  4.22
4  33.00  0.00 84.00  0.00 54.00  0.00 63.00  0.00 509.95  4.03
4  33.00  0.00 90.00  0.00 57.00  0.00 66.00  0.00 515.64  3.64
4  33.00  0.00 96.00  0.00 60.00  0.00 69.00  0.00 530.83  3.43
4  33.00  0.00 102.00  0.00 63.00  0.00 72.00  0.00 528.69  3.23
4  33.00  0.00 108.00  0.00 66.00  0.00 75.00  0.00 543.56  2.64
4  33.00  0.00 120.00  0.00 72.00  0.00 81.00  0.00 530.50  2.67
4  33.00  0.00 126.00  0.00 75.00  0.00 84.00  0.00 542.77  2.00
4  33.00  0.00 132.00  0.00 78.00  0.00 87.00  0.00 562.21  2.15
4  36.00  0.00 45.00  0.00 39.00  0.00 42.00  0.00 139.58  12.24
4  36.00  0.00 51.00  0.00 42.00  0.00 45.00  0.00 202.43  14.57
4  36.00  0.00 57.00  0.00 45.00  0.00 48.00  0.00 269.38  8.46
4  36.00  0.00 63.00  0.00 48.00  0.00 51.00  0.00 393.75  6.64
4  36.00  0.00 69.00  0.00 51.00  0.00 54.00  0.00 437.17  4.81
4  36.00  0.00 75.00  0.00 54.00  0.00 57.00  0.00 503.53  4.46
4  36.00  0.00 81.00  0.00 57.00  0.00 60.00  0.00 508.89  4.34
4  36.00  0.00 87.00  0.00 60.00  0.00 63.00  0.00 517.10  3.63
4  36.00  0.00 93.00  0.00 63.00  0.00 66.00  0.00 533.41  3.68
4  36.00  0.00 99.00  0.00 66.00  0.00 69.00  0.00 537.21  3.23
4  36.00  0.00 105.00  0.00 69.00  0.00 72.00  0.00 517.30  2.85
4  36.00  0.00 111.00  0.00 72.00  0.00 75.00  0.00 483.09  2.73
4  36.00  0.00 117.00  0.00 75.00  0.00 78.00  0.00 503.61  2.41
4  36.00  0.00 123.00  0.00 78.00  0.00 81.00  0.00 506.89  2.55
4  36.00  0.00 129.00  0.00 81.00  0.00 84.00  0.00 517.44  2.17
4  36.00  0.00 135.00  0.00 84.00  0.00 87.00  0.00 537.03  2.01
4  36.00  0.00 141.00  0.00 87.00  0.00 90.00  0.00 565.50  2.74
4  36.00  0.00 48.00  0.00 39.00  0.00 45.00  0.00 170.42  11.88
4  36.00  0.00 54.00  0.00 42.00  0.00 48.00  0.00 231.80  12.55
4  36.00  0.00 60.00  0.00 45.00  0.00 51.00  0.00 294.34  6.91
4  36.00  0.00 66.00  0.00 48.00  0.00 54.00  0.00 443.38  5.61
4  36.00  0.00 72.00  0.00 51.00  0.00 57.00  0.00 481.65  4.06
4  36.00  0.00 78.00  0.00 54.00  0.00 60.00  0.00 504.94  4.29
4  36.00  0.00 84.00  0.00 57.00  0.00 63.00  0.00 518.17  3.97
4  36.00  0.00 90.00  0.00 60.00  0.00 66.00  0.00 518.19  3.76
4  36.00  0.00 96.00  0.00 63.00  0.00 69.00  0.00 527.98  3.23
4  36.00  0.00 102.00  0.00 66.00  0.00 72.00  0.00 514.53  3.17
4  36.00  0.00 108.00  0.00 69.00  0.00 75.00  0.00 499.90  3.02
4  36.00  0.00 114.00  0.00 72.00  0.00 78.00  0.00 490.98  2.97
4  36.00  0.00 120.00  0.00 75.00  0.00 81.00  0.00 494.37  2.92
4  36.00  0.00 126.00  0.00 78.00  0.00 84.00  0.00 522.72  2.81
4  36.00  0.00 132.00  0.00 81.00  0.00 87.00  0.00 531.39  1.99
4  36.00  0.00 138.00  0.00 84.00  0.00 90.00  0.00 547.91  2.34
4  36.00  0.00 51.00  0.00 39.00  0.00 48.00  0.00 209.98  10.39
4  36.00  0.00 57.00  0.00 42.00  0.00 51.00  0.00 264.15  9.90
4  36.00  0.00 63.00  0.00 45.00  0.00 54.00  0.00 517.79  5.65
4  36.00  0.00 69.00  0.00 48.00  0.00 57.00  0.00 494.46  4.87
4  36.00  0.00 75.00  0.00 51.00  0.00 60.00  0.00 503.06  4.30
4  36.00  0.00 81.00  0.00 54.00  0.00 63.00  0.00 511.48  4.21
4  36.00  0.00 87.00  0.00 57.00  0.00 66.00  0.00 518.19  3.94
4  36.00  0.00 93.00  0.00 60.00  0.00 69.00  0.00 522.98  3.53
4  36.00  0.00 99.00  0.00 63.00  0.00 72.00  0.00 538.53  3.44
4  36.00  0.00 105.00  0.00 66.00  0.00 75.00  0.00 526.26  3.12
4  36.00  0.00 111.00  0.00 69.00  0.00 78.00  0.00 527.64  2.67
4  36.00  0.00 117.00  0.00 72.00  0.00 81.00  0.00 496.71  3.10
4  36.00  0.00 123.00  0.00 75.00  0.00 84.00  0.00 517.53  2.72
4  36.00  0.00 129.00  0.00 78.00  0.00 87.00  0.00 534.36  2.02
4  36.00  0.00 135.00  0.00 81.00  0.00 90.00  0.00 560.29  2.13
4  39.00  0.00 48.00  0.00 42.00  0.00 45.00  0.00 156.03  12.24
4  39.00  0.00 60.00  0.00 48.00  0.00 51.00  0.00 317.89  6.21
4  39.00  0.00 66.00  0.00 51.00  0.00 54.00  0.00 487.33  5.64
4  39.00  0.00 72.00  0.00 54.00  0.00 57.00  0.00 511.77  4.43
4  39.00  0.00 78.00  0.00 57.00  0.00 60.00  0.00 536.25  4.30
4  39.00  0.00 84.00  0.00 60.00  0.00 63.00  0.00 523.70  4.31
4  39.00  0.00 90.00  0.00 63.00  0.00 66.00  0.00 522.74  3.53
4  39.00  0.00 96.00  0.00 66.00  0.00 69.00  0.00 520.59  3.58
4  39.00  0.00 102.00  0.00 69.00  0.00 72.00  0.00 527.02  3.15
4  39.00  0.00 108.00  0.00 72.00  0.00 75.00  0.00 504.95  2.85
4  39.00  0.00 114.00  0.00 75.00  0.00 78.00  0.00 466.85  2.90
4  39.00  0.00 120.00  0.00 78.00  0.00 81.00  0.00 487.71  2.60
4  39.00  0.00 126.00  0.00 81.00  0.00 84.00  0.00 493.31  2.62
4  39.00  0.00 132.00  0.00 84.00  0.00 87.00  0.00 503.92  2.25
4  39.00  0.00 138.00  0.00 87.00  0.00 90.00  0.00 534.58  1.92
4  39.00  0.00 51.00  0.00 42.00  0.00 48.00  0.00 197.14  11.01
4  39.00  0.00 57.00  0.00 45.00  0.00 51.00  0.00 276.42  11.87
4  39.00  0.00 63.00  0.00 48.00  0.00 54.00  0.00 534.45  6.41
4  39.00  0.00 69.00  0.00 51.00  0.00 57.00  0.00 517.82  5.00
4  39.00  0.00 75.00  0.00 54.00  0.00 60.00  0.00 504.06  3.85
4  39.00  0.00 81.00  0.00 57.00  0.00 63.00  0.00 522.26  4.19
4  39.00  0.00 87.00  0.00 60.00  0.00 66.00  0.00 521.74  3.97
4  39.00  0.00 93.00  0.00 63.00  0.00 69.00  0.00 520.19  3.75
4  39.00  0.00 99.00  0.00 66.00  0.00 72.00  0.00 527.98  3.23
4  39.00  0.00 105.00  0.00 69.00  0.00 75.00  0.00 501.91  3.18
4  39.00  0.00 111.00  0.00 72.00  0.00 78.00  0.00 478.18  3.07
4  39.00  0.00 117.00  0.00 75.00  0.00 81.00  0.00 475.04  3.02
4  39.00  0.00 123.00  0.00 78.00  0.00 84.00  0.00 477.76  3.05
4  39.00  0.00 129.00  0.00 81.00  0.00 87.00  0.00 511.78  2.81
4  39.00  0.00 135.00  0.00 84.00  0.00 90.00  0.00 527.16  1.99
4  39.00  0.00 141.00  0.00 87.00  0.00 93.00  0.00 546.58  2.27
4  39.00  0.00 54.00  0.00 42.00  0.00 51.00  0.00 188.72  10.11
4  39.00  0.00 60.00  0.00 45.00  0.00 54.00  0.00 481.92  8.50
4  39.00  0.00 66.00  0.00 48.00  0.00 57.00  0.00 587.81  5.55
4  39.00  0.00 72.00  0.00 51.00  0.00 60.00  0.00 514.68  4.60
4  39.00  0.00 78.00  0.00 54.00  0.00 63.00  0.00 512.51  4.20
4  39.00  0.00 84.00  0.00 57.00  0.00 66.00  0.00 517.32  4.21
4  39.00  0.00 90.00  0.00 60.00  0.00 69.00  0.00 518.19  3.90
4  39.00  0.00 96.00  0.00 63.00  0.00 72.00  0.00 529.33  3.55
4  39.00  0.00 102.00  0.00 66.00  0.00 75.00  0.00 538.53  3.50
4  39.00  0.00 108.00  0.00 69.00  0.00 78.00  0.00 510.71  3.16
4  39.00  0.00 114.00  0.00 72.00  0.00 81.00  0.00 510.37  2.85
4  39.00  0.00 120.00  0.00 75.00  0.00 84.00  0.00 477.12  3.16
4  39.00  0.00 126.00  0.00 78.00  0.00 87.00  0.00 502.44  2.78
4  39.00  0.00 132.00  0.00 81.00  0.00 90.00  0.00 523.90  2.06
4  39.00  0.00 138.00  0.00 84.00  0.00 93.00  0.00 556.41  2.12
4  42.00  0.00 51.00  0.00 45.00  0.00 48.00  0.00 191.53  10.48
4  42.00  0.00 57.00  0.00 48.00  0.00 51.00  0.00 425.67  10.67
4  42.00  0.00 63.00  0.00 51.00  0.00 54.00  0.00 716.68  6.20
4  42.00  0.00 69.00  0.00 54.00  0.00 57.00  0.00 561.71  5.29
4  42.00  0.00 75.00  0.00 57.00  0.00 60.00  0.00 533.92  4.06
4  42.00  0.00 81.00  0.00 60.00  0.00 63.00  0.00 564.16  4.25
4  42.00  0.00 87.00  0.00 63.00  0.00 66.00  0.00 520.58  4.31
4  42.00  0.00 93.00  0.00 66.00  0.00 69.00  0.00 521.02  3.44
4  42.00  0.00 99.00  0.00 69.00  0.00 72.00  0.00 513.83  3.50
4  42.00  0.00 105.00  0.00 72.00  0.00 75.00  0.00 516.83  3.15
4  42.00  0.00 111.00  0.00 75.00  0.00 78.00  0.00 480.49  3.00
4  42.00  0.00 117.00  0.00 78.00  0.00 81.00  0.00 449.59  3.16
4  42.00  0.00 123.00  0.00 81.00  0.00 84.00  0.00 470.65  2.82
4  42.00  0.00 129.00  0.00 84.00  0.00 87.00  0.00 479.48  2.77
4  42.00  0.00 135.00  0.00 87.00  0.00 90.00  0.00 496.75  2.26
4  42.00  0.00 141.00  0.00 90.00  0.00 93.00  0.00 528.23  1.91
4  42.00  0.00 54.00  0.00 45.00  0.00 51.00  0.00 180.04  9.98
4  42.00  0.00 60.00  0.00 48.00  0.00 54.00  0.00 490.78  8.49
4  42.00  0.00 66.00  0.00 51.00  0.00 57.00  0.00 638.02  5.80
4  42.00  0.00 72.00  0.00 54.00  0.00 60.00  0.00 530.88  4.80
4  42.00  0.00 78.00  0.00 57.00  0.00 63.00  0.00 522.96  3.83
4  42.00  0.00 84.00  0.00 60.00  0.00 66.00  0.00 524.11  4.01
4  42.00  0.00 90.00  0.00 63.00  0.00 69.00  0.00 521.74  3.97
4  42.00  0.00 96.00  0.00 66.00  0.00 72.00  0.00 520.19  3.76
4  42.00  0.00 102.00  0.00 69.00  0.00 75.00  0.00 512.83  3.23
4  42.00  0.00 108.00  0.00 72.00  0.00 78.00  0.00 488.67  3.21
4  42.00  0.00 114.00  0.00 75.00  0.00 81.00  0.00 466.96  3.15
4  42.00  0.00 120.00  0.00 78.00  0.00 84.00  0.00 455.64  3.15
4  42.00  0.00 126.00  0.00 81.00  0.00 87.00  0.00 458.47  3.21
4  42.00  0.00 132.00  0.00 84.00  0.00 90.00  0.00 499.93  2.82
4  42.00  0.00 138.00  0.00 87.00  0.00 93.00  0.00 522.54  2.01
4  42.00  0.00 57.00  0.00 45.00  0.00 54.00  0.00 416.37  8.90
4  42.00  0.00 63.00  0.00 48.00  0.00 57.00  0.00 597.90  7.92
4  42.00  0.00 69.00  0.00 51.00  0.00 60.00  0.00 592.12  5.32
4  42.00  0.00 75.00  0.00 54.00  0.00 63.00  0.00 528.63  4.53
4  42.00  0.00 81.00  0.00 57.00  0.00 66.00  0.00 519.37  4.15
4  42.00  0.00 87.00  0.00 60.00  0.00 69.00  0.00 520.36  4.21
4  42.00  0.00 93.00  0.00 63.00  0.00 72.00  0.00 516.09  3.93
4  42.00  0.00 99.00  0.00 66.00  0.00 75.00  0.00 529.03  3.55
4  42.00  0.00 105.00  0.00 69.00  0.00 78.00  0.00 520.72  3.56
4  42.00  0.00 111.00  0.00 72.00  0.00 81.00  0.00 494.81  3.23
4  42.00  0.00 117.00  0.00 75.00  0.00 84.00  0.00 489.33  3.12
4  42.00  0.00 123.00  0.00 78.00  0.00 87.00  0.00 454.43  3.24
4  42.00  0.00 129.00  0.00 81.00  0.00 90.00  0.00 484.21  2.85
4  42.00  0.00 135.00  0.00 84.00  0.00 93.00  0.00 516.66  2.06
4  42.00  0.00 141.00  0.00 87.00  0.00 96.00  0.00 549.04  2.11
4  45.00  0.00 54.00  0.00 48.00  0.00 51.00  0.00 154.09  10.91
4  45.00  0.00 60.00  0.00 51.00  0.00 54.00  0.00 708.00  11.34
4  45.00  0.00 66.00  0.00 54.00  0.00 57.00  0.00 716.68  6.12
4  45.00  0.00 72.00  0.00 57.00  0.00 60.00  0.00 563.57  4.96
4  45.00  0.00 78.00  0.00 60.00  0.00 63.00  0.00 553.72  3.96
4  45.00  0.00 84.00  0.00 63.00  0.00 66.00  0.00 538.43  4.15
4  45.00  0.00 90.00  0.00 66.00  0.00 69.00  0.00 520.58  4.32
4  45.00  0.00 96.00  0.00 69.00  0.00 72.00  0.00 519.83  3.39
4  45.00  0.00 102.00  0.00 72.00  0.00 75.00  0.00 500.60  3.40
4  45.00  0.00 108.00  0.00 75.00  0.00 78.00  0.00 489.82  3.15
4  45.00  0.00 114.00  0.00 78.00  0.00 81.00  0.00 459.70  3.22
4  45.00  0.00 120.00  0.00 81.00  0.00 84.00  0.00 445.02  3.29
4  45.00  0.00 126.00  0.00 84.00  0.00 87.00  0.00 455.41  3.05
4  45.00  0.00 132.00  0.00 87.00  0.00 90.00  0.00 468.14  2.92
4  45.00  0.00 138.00  0.00 90.00  0.00 93.00  0.00 489.58  2.31
4  45.00  0.00 57.00  0.00 48.00  0.00 54.00  0.00 439.94  9.28
4  45.00  0.00 63.00  0.00 51.00  0.00 57.00  0.00 692.97  8.49
4  45.00  0.00 69.00  0.00 54.00  0.00 60.00  0.00 638.02  5.71
4  45.00  0.00 75.00  0.00 57.00  0.00 63.00  0.00 543.94  4.65
4  45.00  0.00 81.00  0.00 60.00  0.00 66.00  0.00 528.16  3.80
4  45.00  0.00 87.00  0.00 63.00  0.00 69.00  0.00 524.11  3.94
4  45.00  0.00 93.00  0.00 66.00  0.00 72.00  0.00 517.87  3.97
4  45.00  0.00 99.00  0.00 69.00  0.00 75.00  0.00 510.52  3.70
4  45.00  0.00 105.00  0.00 72.00  0.00 78.00  0.00 495.05  3.25
4  45.00  0.00 111.00  0.00 75.00  0.00 81.00  0.00 472.01  3.23
4  45.00  0.00 117.00  0.00 78.00  0.00 84.00  0.00 450.03  3.27
4  45.00  0.00 123.00  0.00 81.00  0.00 87.00  0.00 448.59  3.23
4  45.00  0.00 129.00  0.00 84.00  0.00 90.00  0.00 453.24  3.28
4  45.00  0.00 135.00  0.00 87.00  0.00 93.00  0.00 494.70  2.83
4  45.00  0.00 141.00  0.00 90.00  0.00 96.00  0.00 518.76  2.03
4  45.00  0.00 60.00  0.00 48.00  0.00 57.00  0.00 501.25  8.71
4  45.00  0.00 66.00  0.00 51.00  0.00 60.00  0.00 657.13  7.69
4  45.00  0.00 72.00  0.00 54.00  0.00 63.00  0.00 592.12  5.05
4  45.00  0.00 78.00  0.00 57.00  0.00 66.00  0.00 534.89  4.51
4  45.00  0.00 84.00  0.00 60.00  0.00 69.00  0.00 527.96  4.16
4  45.00  0.00 90.00  0.00 63.00  0.00 72.00  0.00 520.36  4.23
4  45.00  0.00 96.00  0.00 66.00  0.00 75.00  0.00 513.63  3.99
4  45.00  0.00 102.00  0.00 69.00  0.00 78.00  0.00 515.79  3.59
4  45.00  0.00 108.00  0.00 72.00  0.00 81.00  0.00 501.37  3.63
4  45.00  0.00 114.00  0.00 75.00  0.00 84.00  0.00 471.33  3.37
4  45.00  0.00 120.00  0.00 78.00  0.00 87.00  0.00 458.16  3.41
4  45.00  0.00 126.00  0.00 81.00  0.00 90.00  0.00 447.96  3.27
4  45.00  0.00 132.00  0.00 84.00  0.00 93.00  0.00 464.74  2.93
4  45.00  0.00 138.00  0.00 87.00  0.00 96.00  0.00 508.03  2.12
4  48.00  0.00 57.00  0.00 51.00  0.00 54.00  0.00 551.89  9.07
4  48.00  0.00 63.00  0.00 54.00  0.00 57.00  0.00 715.55  10.77
4  48.00  0.00 69.00  0.00 57.00  0.00 60.00  0.00 616.88  5.07
4  48.00  0.00 75.00  0.00 60.00  0.00 63.00  0.00 565.43  4.83
4  48.00  0.00 81.00  0.00 63.00  0.00 66.00  0.00 553.72  3.95
4  48.00  0.00 87.00  0.00 66.00  0.00 69.00  0.00 528.54  4.15
4  48.00  0.00 93.00  0.00 69.00  0.00 72.00  0.00 520.58  4.43
4  48.00  0.00 99.00  0.00 72.00  0.00 75.00  0.00 516.91  3.37
4  48.00  0.00 105.00  0.00 75.00  0.00 78.00  0.00 479.45  3.40
4  48.00  0.00 111.00  0.00 78.00  0.00 81.00  0.00 466.83  3.31
4  48.00  0.00 117.00  0.00 81.00  0.00 84.00  0.00 441.04  3.51
4  48.00  0.00 123.00  0.00 84.00  0.00 87.00  0.00 427.35  3.55
4  48.00  0.00 129.00  0.00 87.00  0.00 90.00  0.00 436.41  3.28
4  48.00  0.00 135.00  0.00 90.00  0.00 93.00  0.00 461.83  3.00
4  48.00  0.00 141.00  0.00 93.00  0.00 96.00  0.00 479.57  2.38
4  48.00  0.00 60.00  0.00 51.00  0.00 57.00  0.00 570.18  8.69
4  48.00  0.00 66.00  0.00 54.00  0.00 60.00  0.00 692.97  8.49
4  48.00  0.00 72.00  0.00 57.00  0.00 63.00  0.00 586.69  5.05
4  48.00  0.00 78.00  0.00 60.00  0.00 66.00  0.00 544.56  4.49
4  48.00  0.00 84.00  0.00 63.00  0.00 69.00  0.00 543.19  3.80
4  48.00  0.00 90.00  0.00 66.00  0.00 72.00  0.00 523.03  3.94
4  48.00  0.00 96.00  0.00 69.00  0.00 75.00  0.00 510.53  3.97
4  48.00  0.00 102.00  0.00 72.00  0.00 78.00  0.00 500.71  3.70
4  48.00  0.00 108.00  0.00 75.00  0.00 81.00  0.00 480.59  3.27
4  48.00  0.00 114.00  0.00 78.00  0.00 84.00  0.00 455.92  3.50
4  48.00  0.00 120.00  0.00 81.00  0.00 87.00  0.00 434.73  3.51
4  48.00  0.00 126.00  0.00 84.00  0.00 90.00  0.00 431.80  3.41
4  48.00  0.00 132.00  0.00 87.00  0.00 93.00  0.00 438.73  3.44
4  48.00  0.00 138.00  0.00 90.00  0.00 96.00  0.00 489.56  2.84
4  48.00  0.00 63.00  0.00 51.00  0.00 60.00  0.00 632.86  8.35
4  48.00  0.00 69.00  0.00 54.00  0.00 63.00  0.00 657.13  7.69
4  48.00  0.00 75.00  0.00 57.00  0.00 66.00  0.00 532.39  4.97
4  48.00  0.00 81.00  0.00 60.00  0.00 69.00  0.00 534.89  4.48
4  48.00  0.00 87.00  0.00 63.00  0.00 72.00  0.00 536.95  4.21
4  48.00  0.00 93.00  0.00 66.00  0.00 75.00  0.00 520.36  4.26
4  48.00  0.00 99.00  0.00 69.00  0.00 78.00  0.00 503.17  4.03
4  48.00  0.00 105.00  0.00 72.00  0.00 81.00  0.00 502.25  3.63
4  48.00  0.00 111.00  0.00 75.00  0.00 84.00  0.00 478.80  3.81
4  48.00  0.00 117.00  0.00 78.00  0.00 87.00  0.00 449.21  3.63
4  48.00  0.00 123.00  0.00 81.00  0.00 90.00  0.00 425.66  3.71
4  48.00  0.00 129.00  0.00 84.00  0.00 93.00  0.00 429.68  3.39
4  48.00  0.00 135.00  0.00 87.00  0.00 96.00  0.00 459.45  2.97
4  48.00  0.00 141.00  0.00 90.00  0.00 99.00  0.00 497.56  2.24
4  51.00  0.00 60.00  0.00 54.00  0.00 57.00  0.00 524.29  8.99
4  51.00  0.00 72.00  0.00 60.00  0.00 63.00  0.00 616.88  5.07
4  51.00  0.00 78.00  0.00 63.00  0.00 66.00  0.00 612.05  4.75
4  51.00  0.00 84.00  0.00 66.00  0.00 69.00  0.00 570.38  3.84
4  51.00  0.00 90.00  0.00 69.00  0.00 72.00  0.00 518.66  4.21
4  51.00  0.00 96.00  0.00 72.00  0.00 75.00  0.00 520.58  4.43
4  51.00  0.00 102.00  0.00 75.00  0.00 78.00  0.00 503.49  3.37
4  51.00  0.00 108.00  0.00 78.00  0.00 81.00  0.00 470.34  3.45
4  51.00  0.00 114.00  0.00 81.00  0.00 84.00  0.00 445.93  3.54
4  51.00  0.00 120.00  0.00 84.00  0.00 87.00  0.00 417.81  3.82
4  51.00  0.00 126.00  0.00 87.00  0.00 90.00  0.00 407.61  3.84
4  51.00  0.00 132.00  0.00 90.00  0.00 93.00  0.00 414.65  3.52
4  51.00  0.00 138.00  0.00 93.00  0.00 96.00  0.00 456.45  3.09
4  51.00  0.00 63.00  0.00 54.00  0.00 60.00  0.00 609.78  8.33
4  51.00  0.00 69.00  0.00 57.00  0.00 63.00  0.00 692.97  8.24
4  51.00  0.00 75.00  0.00 60.00  0.00 66.00  0.00 586.69  5.05
4  51.00  0.00 81.00  0.00 63.00  0.00 69.00  0.00 574.19  4.30
4  51.00  0.00 87.00  0.00 66.00  0.00 72.00  0.00 558.22  3.80
4  51.00  0.00 93.00  0.00 69.00  0.00 75.00  0.00 521.96  4.12
4  51.00  0.00 99.00  0.00 72.00  0.00 78.00  0.00 500.71  3.98
4  51.00  0.00 105.00  0.00 75.00  0.00 81.00  0.00 487.77  3.73
4  51.00  0.00 111.00  0.00 78.00  0.00 84.00  0.00 463.26  3.46
4  51.00  0.00 117.00  0.00 81.00  0.00 87.00  0.00 440.82  3.77
4  51.00  0.00 123.00  0.00 84.00  0.00 90.00  0.00 415.81  3.77
4  51.00  0.00 129.00  0.00 87.00  0.00 93.00  0.00 413.06  3.63
4  51.00  0.00 135.00  0.00 90.00  0.00 96.00  0.00 431.74  3.52
4  51.00  0.00 141.00  0.00 93.00  0.00 99.00  0.00 482.52  2.85
4  51.00  0.00 66.00  0.00 54.00  0.00 63.00  0.00 661.26  8.47
4  51.00  0.00 72.00  0.00 57.00  0.00 66.00  0.00 657.13  7.59
4  51.00  0.00 78.00  0.00 60.00  0.00 69.00  0.00 532.39  4.96
4  51.00  0.00 84.00  0.00 63.00  0.00 72.00  0.00 564.01  4.46
4  51.00  0.00 90.00  0.00 66.00  0.00 75.00  0.00 548.53  4.26
4  51.00  0.00 96.00  0.00 69.00  0.00 78.00  0.00 508.55  4.29
4  51.00  0.00 102.00  0.00 72.00  0.00 81.00  0.00 492.23  4.03
4  51.00  0.00 108.00  0.00 75.00  0.00 84.00  0.00 483.25  3.73
4  51.00  0.00 114.00  0.00 78.00  0.00 87.00  0.00 456.17  3.94
4  51.00  0.00 120.00  0.00 81.00  0.00 90.00  0.00 423.27  3.89
4  51.00  0.00 126.00  0.00 84.00  0.00 93.00  0.00 407.60  4.00
4  51.00  0.00 132.00  0.00 87.00  0.00 96.00  0.00 412.40  3.53
4  51.00  0.00 138.00  0.00 90.00  0.00 99.00  0.00 452.99  3.01
4  54.00  0.00 63.00  0.00 57.00  0.00 60.00  0.00 770.12  9.24
4  54.00  0.00 69.00  0.00 60.00  0.00 63.00  0.00 951.66  10.42
4  54.00  0.00 75.00  0.00 63.00  0.00 66.00  0.00 787.45  5.47
4  54.00  0.00 81.00  0.00 66.00  0.00 69.00  0.00 658.66  4.69
4  54.00  0.00 87.00  0.00 69.00  0.00 72.00  0.00 570.38  3.80
4  54.00  0.00 93.00  0.00 72.00  0.00 75.00  0.00 518.66  4.25
4  54.00  0.00 99.00  0.00 75.00  0.00 78.00  0.00 517.46  4.43
4  54.00  0.00 105.00  0.00 78.00  0.00 81.00  0.00 491.06  3.37
4  54.00  0.00 111.00  0.00 81.00  0.00 84.00  0.00 452.20  3.72
4  54.00  0.00 117.00  0.00 84.00  0.00 87.00  0.00 420.56  3.81
4  54.00  0.00 123.00  0.00 87.00  0.00 90.00  0.00 392.16  4.11
4  54.00  0.00 129.00  0.00 90.00  0.00 93.00  0.00 391.74  4.09
4  54.00  0.00 135.00  0.00 93.00  0.00 96.00  0.00 409.03  3.67
4  54.00  0.00 141.00  0.00 96.00  0.00 99.00  0.00 452.36  3.22
4  54.00  0.00 66.00  0.00 57.00  0.00 63.00  0.00 848.34  9.15
4  54.00  0.00 72.00  0.00 60.00  0.00 66.00  0.00 855.16  7.89
4  54.00  0.00 78.00  0.00 63.00  0.00 69.00  0.00 732.23  5.02
4  54.00  0.00 84.00  0.00 66.00  0.00 72.00  0.00 603.82  4.26
4  54.00  0.00 90.00  0.00 69.00  0.00 75.00  0.00 558.22  3.94
4  54.00  0.00 96.00  0.00 72.00  0.00 78.00  0.00 516.95  4.12
4  54.00  0.00 102.00  0.00 75.00  0.00 81.00  0.00 487.16  3.95
4  54.00  0.00 108.00  0.00 78.00  0.00 84.00  0.00 472.08  3.87
4  54.00  0.00 114.00  0.00 81.00  0.00 87.00  0.00 445.26  3.73
4  54.00  0.00 120.00  0.00 84.00  0.00 90.00  0.00 426.21  3.98
4  54.00  0.00 126.00  0.00 87.00  0.00 93.00  0.00 396.84  4.03
4  54.00  0.00 132.00  0.00 90.00  0.00 96.00  0.00 393.70  3.89
4  54.00  0.00 138.00  0.00 93.00  0.00 99.00  0.00 426.90  3.62
4  54.00  0.00 69.00  0.00 57.00  0.00 66.00  0.00 943.22  9.82
4  54.00  0.00 75.00  0.00 60.00  0.00 69.00  0.00 719.57  6.76
4  54.00  0.00 81.00  0.00 63.00  0.00 72.00  0.00 704.87  4.63
4  54.00  0.00 87.00  0.00 66.00  0.00 75.00  0.00 593.13  4.45
4  54.00  0.00 93.00  0.00 69.00  0.00 78.00  0.00 545.94  4.36
4  54.00  0.00 99.00  0.00 72.00  0.00 81.00  0.00 494.42  4.26
4  54.00  0.00 105.00  0.00 75.00  0.00 84.00  0.00 479.92  3.99
4  54.00  0.00 111.00  0.00 78.00  0.00 87.00  0.00 461.00  3.86
4  54.00  0.00 117.00  0.00 81.00  0.00 90.00  0.00 427.53  4.09
4  54.00  0.00 123.00  0.00 84.00  0.00 93.00  0.00 409.38  4.02
4  54.00  0.00 129.00  0.00 87.00  0.00 96.00  0.00 388.30  4.21
4  54.00  0.00 135.00  0.00 90.00  0.00 99.00  0.00 404.83  3.57
4  54.00  0.00 141.00  0.00 93.00  0.00 102.00  0.00 444.50  3.05
4  57.00  0.00 66.00  0.00 60.00  0.00 63.00  0.00 878.26  9.59
4  57.00  0.00 72.00  0.00 63.00  0.00 66.00  0.00 892.04  9.91
4  57.00  0.00 78.00  0.00 66.00  0.00 69.00  0.00 787.45  5.47
4  57.00  0.00 84.00  0.00 69.00  0.00 72.00  0.00 705.28  4.69
4  57.00  0.00 90.00  0.00 72.00  0.00 75.00  0.00 551.47  3.86
4  57.00  0.00 96.00  0.00 75.00  0.00 78.00  0.00 502.81  4.13
4  57.00  0.00 102.00  0.00 78.00  0.00 81.00  0.00 495.79  4.18
4  57.00  0.00 108.00  0.00 81.00  0.00 84.00  0.00 460.78  3.67
4  57.00  0.00 114.00  0.00 84.00  0.00 87.00  0.00 418.93  4.00
4  57.00  0.00 120.00  0.00 87.00  0.00 90.00  0.00 395.18  3.99
4  57.00  0.00 126.00  0.00 90.00  0.00 93.00  0.00 375.46  4.22
4  57.00  0.00 132.00  0.00 93.00  0.00 96.00  0.00 377.50  4.20
4  57.00  0.00 138.00  0.00 96.00  0.00 99.00  0.00 401.92  3.79
4  57.00  0.00 69.00  0.00 60.00  0.00 66.00  0.00 1016.96  10.15
4  57.00  0.00 75.00  0.00 63.00  0.00 69.00  0.00 855.16  7.46
4  57.00  0.00 81.00  0.00 66.00  0.00 72.00  0.00 775.38  5.02
4  57.00  0.00 87.00  0.00 69.00  0.00 75.00  0.00 633.46  4.22
4  57.00  0.00 93.00  0.00 72.00  0.00 78.00  0.00 532.83  4.07
4  57.00  0.00 99.00  0.00 75.00  0.00 81.00  0.00 508.79  3.90
4  57.00  0.00 105.00  0.00 78.00  0.00 84.00  0.00 475.69  3.92
4  57.00  0.00 111.00  0.00 81.00  0.00 87.00  0.00 452.82  4.02
4  57.00  0.00 117.00  0.00 84.00  0.00 90.00  0.00 423.47  4.02
4  57.00  0.00 123.00  0.00 87.00  0.00 93.00  0.00 408.07  4.19
4  57.00  0.00 129.00  0.00 90.00  0.00 96.00  0.00 381.71  4.26
4  57.00  0.00 135.00  0.00 93.00  0.00 99.00  0.00 386.20  4.01
4  57.00  0.00 141.00  0.00 96.00  0.00 102.00  0.00 421.89  3.71
4  57.00  0.00 72.00  0.00 60.00  0.00 69.00  0.00 973.32  9.28
4  57.00  0.00 78.00  0.00 63.00  0.00 72.00  0.00 778.62  6.54
4  57.00  0.00 84.00  0.00 66.00  0.00 75.00  0.00 705.08  4.54
4  57.00  0.00 90.00  0.00 69.00  0.00 78.00  0.00 620.02  4.53
4  57.00  0.00 96.00  0.00 72.00  0.00 81.00  0.00 524.72  4.46
4  57.00  0.00 102.00  0.00 75.00  0.00 84.00  0.00 478.45  4.21
4  57.00  0.00 108.00  0.00 78.00  0.00 87.00  0.00 469.50  4.08
4  57.00  0.00 114.00  0.00 81.00  0.00 90.00  0.00 435.69  4.03
4  57.00  0.00 120.00  0.00 84.00  0.00 93.00  0.00 414.36  4.22
4  57.00  0.00 126.00  0.00 87.00  0.00 96.00  0.00 394.76  4.16
4  57.00  0.00 132.00  0.00 90.00  0.00 99.00  0.00 370.15  4.41
4  57.00  0.00 138.00  0.00 93.00  0.00 102.00  0.00 396.52  3.62
4  60.00  0.00 69.00  0.00 63.00  0.00 66.00  0.00 1152.29  10.79
4  60.00  0.00 75.00  0.00 66.00  0.00 69.00  0.00 892.04  9.31
4  60.00  0.00 81.00  0.00 69.00  0.00 72.00  0.00 803.16  4.46
4  60.00  0.00 87.00  0.00 72.00  0.00 75.00  0.00 661.44  4.69
4  60.00  0.00 93.00  0.00 75.00  0.00 78.00  0.00 514.70  4.04
4  60.00  0.00 99.00  0.00 78.00  0.00 81.00  0.00 480.79  3.91
4  60.00  0.00 105.00  0.00 81.00  0.00 84.00  0.00 475.45  4.04
4  60.00  0.00 111.00  0.00 84.00  0.00 87.00  0.00 428.77  3.97
4  60.00  0.00 117.00  0.00 87.00  0.00 90.00  0.00 392.13  4.27
4  60.00  0.00 123.00  0.00 90.00  0.00 93.00  0.00 383.08  4.17
4  60.00  0.00 129.00  0.00 93.00  0.00 96.00  0.00 359.78  4.30
4  60.00  0.00 135.00  0.00 96.00  0.00 99.00  0.00 369.79  4.22
4  60.00  0.00 141.00  0.00 99.00  0.00 102.00  0.00 392.18  3.83
4  60.00  0.00 72.00  0.00 63.00  0.00 69.00  0.00 1087.71  9.70
4  60.00  0.00 78.00  0.00 66.00  0.00 72.00  0.00 844.41  6.56
4  60.00  0.00 84.00  0.00 69.00  0.00 75.00  0.00 775.38  4.65
4  60.00  0.00 90.00  0.00 72.00  0.00 78.00  0.00 592.56  4.22
4  60.00  0.00 96.00  0.00 75.00  0.00 81.00  0.00 507.45  4.21
4  60.00  0.00 102.00  0.00 78.00  0.00 84.00  0.00 494.55  3.68
4  60.00  0.00 108.00  0.00 81.00  0.00 87.00  0.00 465.12  4.03
4  60.00  0.00 114.00  0.00 84.00  0.00 90.00  0.00 426.97  4.23
4  60.00  0.00 120.00  0.00 87.00  0.00 93.00  0.00 404.31  4.20
4  60.00  0.00 126.00  0.00 90.00  0.00 96.00  0.00 389.20  4.36
4  60.00  0.00 132.00  0.00 93.00  0.00 99.00  0.00 365.39  4.57
4  60.00  0.00 138.00  0.00 96.00  0.00 102.00  0.00 378.05  4.17
4  60.00  0.00 75.00  0.00 63.00  0.00 72.00  0.00 859.45  8.12
4  60.00  0.00 81.00  0.00 66.00  0.00 75.00  0.00 778.62  6.00
4  60.00  0.00 87.00  0.00 69.00  0.00 78.00  0.00 705.08  4.54
4  60.00  0.00 93.00  0.00 72.00  0.00 81.00  0.00 578.49  4.61
4  60.00  0.00 99.00  0.00 75.00  0.00 84.00  0.00 499.07  4.51
4  60.00  0.00 105.00  0.00 78.00  0.00 87.00  0.00 474.29  4.17
4  60.00  0.00 111.00  0.00 81.00  0.00 90.00  0.00 455.91  4.21
4  60.00  0.00 117.00  0.00 84.00  0.00 93.00  0.00 415.60  4.12
4  60.00  0.00 123.00  0.00 87.00  0.00 96.00  0.00 402.74  4.35
4  60.00  0.00 129.00  0.00 90.00  0.00 99.00  0.00 384.81  4.26
4  60.00  0.00 135.00  0.00 93.00  0.00 102.00  0.00 360.15  4.60
4  60.00  0.00 141.00  0.00 96.00  0.00 105.00  0.00 388.70  3.68
4  63.00  0.00 72.00  0.00 66.00  0.00 69.00  0.00 1169.95  10.51
4  63.00  0.00 78.00  0.00 69.00  0.00 72.00  0.00 892.04  8.95
4  63.00  0.00 84.00  0.00 72.00  0.00 75.00  0.00 775.53  4.35
4  63.00  0.00 90.00  0.00 75.00  0.00 78.00  0.00 584.84  4.69
4  63.00  0.00 96.00  0.00 78.00  0.00 81.00  0.00 494.60  4.01
4  63.00  0.00 102.00  0.00 81.00  0.00 84.00  0.00 471.34  3.75
4  63.00  0.00 108.00  0.00 84.00  0.00 87.00  0.00 455.11  4.20
4  63.00  0.00 114.00  0.00 87.00  0.00 90.00  0.00 396.63  4.17
4  63.00  0.00 120.00  0.00 90.00  0.00 93.00  0.00 373.66  4.44
4  63.00  0.00 126.00  0.00 93.00  0.00 96.00  0.00 370.92  4.23
4  63.00  0.00 132.00  0.00 96.00  0.00 99.00  0.00 348.39  4.30
4  63.00  0.00 138.00  0.00 99.00  0.00 102.00  0.00 360.23  4.25
4  63.00  0.00 75.00  0.00 66.00  0.00 72.00  0.00 929.05  9.02
4  63.00  0.00 81.00  0.00 69.00  0.00 75.00  0.00 801.67  6.41
4  63.00  0.00 87.00  0.00 72.00  0.00 78.00  0.00 698.64  4.65
4  63.00  0.00 93.00  0.00 75.00  0.00 81.00  0.00 551.49  4.22
4  63.00  0.00 99.00  0.00 78.00  0.00 84.00  0.00 492.10  4.11
4  63.00  0.00 105.00  0.00 81.00  0.00 87.00  0.00 484.45  3.94
4  63.00  0.00 111.00  0.00 84.00  0.00 90.00  0.00 458.29  4.28
4  63.00  0.00 117.00  0.00 87.00  0.00 93.00  0.00 401.25  4.34
4  63.00  0.00 123.00  0.00 90.00  0.00 96.00  0.00 387.45  4.48
4  63.00  0.00 129.00  0.00 93.00  0.00 99.00  0.00 374.03  4.36
4  63.00  0.00 135.00  0.00 96.00  0.00 102.00  0.00 350.39  4.81
4  63.00  0.00 141.00  0.00 99.00  0.00 105.00  0.00 371.00  4.29
4  63.00  0.00 78.00  0.00 66.00  0.00 75.00  0.00 806.57  8.02
4  63.00  0.00 84.00  0.00 69.00  0.00 78.00  0.00 825.80  6.00
4  63.00  0.00 90.00  0.00 72.00  0.00 81.00  0.00 683.63  5.25
4  63.00  0.00 96.00  0.00 75.00  0.00 84.00  0.00 534.96  4.68
4  63.00  0.00 102.00  0.00 78.00  0.00 87.00  0.00 483.97  4.33
4  63.00  0.00 108.00  0.00 81.00  0.00 90.00  0.00 469.91  4.16
4  63.00  0.00 114.00  0.00 84.00  0.00 93.00  0.00 438.00  4.34
4  63.00  0.00 120.00  0.00 87.00  0.00 96.00  0.00 395.80  4.21
4  63.00  0.00 126.00  0.00 90.00  0.00 99.00  0.00 390.90  4.38
4  63.00  0.00 132.00  0.00 93.00  0.00 102.00  0.00 373.02  4.41
4  63.00  0.00 138.00  0.00 96.00  0.00 105.00  0.00 355.03  4.72
4  66.00  0.00 75.00  0.00 69.00  0.00 72.00  0.00 1064.62  10.79
4  66.00  0.00 81.00  0.00 72.00  0.00 75.00  0.00 802.43  8.27
4  66.00  0.00 87.00  0.00 75.00  0.00 78.00  0.00 624.80  4.46
4  66.00  0.00 93.00  0.00 78.00  0.00 81.00  0.00 508.24  4.63
4  66.00  0.00 99.00  0.00 81.00  0.00 84.00  0.00 476.76  3.71
4  66.00  0.00 105.00  0.00 84.00  0.00 87.00  0.00 461.89  4.12
4  66.00  0.00 111.00  0.00 87.00  0.00 90.00  0.00 426.16  4.50
4  66.00  0.00 117.00  0.00 90.00  0.00 93.00  0.00 376.19  4.37
4  66.00  0.00 123.00  0.00 93.00  0.00 96.00  0.00 355.97  4.67
4  66.00  0.00 129.00  0.00 96.00  0.00 99.00  0.00 359.33  4.23
4  66.00  0.00 135.00  0.00 99.00  0.00 102.00  0.00 341.55  4.32
4  66.00  0.00 141.00  0.00 102.00  0.00 105.00  0.00 345.88  4.29
4  66.00  0.00 78.00  0.00 69.00  0.00 75.00  0.00 925.48  9.74
4  66.00  0.00 84.00  0.00 72.00  0.00 78.00  0.00 776.08  6.56
4  66.00  0.00 90.00  0.00 75.00  0.00 81.00  0.00 589.99  5.60
4  66.00  0.00 96.00  0.00 78.00  0.00 84.00  0.00 506.36  4.21
4  66.00  0.00 102.00  0.00 81.00  0.00 87.00  0.00 486.93  4.01
4  66.00  0.00 108.00  0.00 84.00  0.00 90.00  0.00 470.95  4.24
4  66.00  0.00 114.00  0.00 87.00  0.00 93.00  0.00 422.97  4.53
4  66.00  0.00 120.00  0.00 90.00  0.00 96.00  0.00 380.69  4.46
4  66.00  0.00 126.00  0.00 93.00  0.00 99.00  0.00 371.59  4.60
4  66.00  0.00 132.00  0.00 96.00  0.00 102.00  0.00 362.57  4.39
4  66.00  0.00 138.00  0.00 99.00  0.00 105.00  0.00 342.74  4.91
4  66.00  0.00 81.00  0.00 69.00  0.00 78.00  0.00 822.86  9.28
4  66.00  0.00 87.00  0.00 72.00  0.00 81.00  0.00 728.89  6.96
4  66.00  0.00 93.00  0.00 75.00  0.00 84.00  0.00 533.11  5.33
4  66.00  0.00 99.00  0.00 78.00  0.00 87.00  0.00 488.46  4.68
4  66.00  0.00 105.00  0.00 81.00  0.00 90.00  0.00 476.05  4.16
4  66.00  0.00 111.00  0.00 84.00  0.00 93.00  0.00 457.35  4.16
4  66.00  0.00 117.00  0.00 87.00  0.00 96.00  0.00 403.88  4.49
4  66.00  0.00 123.00  0.00 90.00  0.00 99.00  0.00 381.76  4.33
4  66.00  0.00 129.00  0.00 93.00  0.00 102.00  0.00 375.62  4.40
4  66.00  0.00 135.00  0.00 96.00  0.00 105.00  0.00 363.31  4.58
4  66.00  0.00 141.00  0.00 99.00  0.00 108.00  0.00 348.71  4.88
4  69.00  0.00 78.00  0.00 72.00  0.00 75.00  0.00 963.45  10.11
4  69.00  0.00 84.00  0.00 75.00  0.00 78.00  0.00 750.23  8.95
4  69.00  0.00 90.00  0.00 78.00  0.00 81.00  0.00 520.75  6.68
4  69.00  0.00 96.00  0.00 81.00  0.00 84.00  0.00 475.48  4.55
4  69.00  0.00 102.00  0.00 84.00  0.00 87.00  0.00 473.54  3.41
4  69.00  0.00 108.00  0.00 87.00  0.00 90.00  0.00 432.26  4.54
4  69.00  0.00 114.00  0.00 90.00  0.00 93.00  0.00 388.07  4.90
4  69.00  0.00 120.00  0.00 93.00  0.00 96.00  0.00 356.47  4.63
4  69.00  0.00 126.00  0.00 96.00  0.00 99.00  0.00 347.17  4.68
4  69.00  0.00 132.00  0.00 99.00  0.00 102.00  0.00 352.20  4.23
4  69.00  0.00 138.00  0.00 102.00  0.00 105.00  0.00 338.07  4.30
4  69.00  0.00 81.00  0.00 72.00  0.00 78.00  0.00 804.21  9.45
4  69.00  0.00 87.00  0.00 75.00  0.00 81.00  0.00 725.87  7.67
4  69.00  0.00 93.00  0.00 78.00  0.00 84.00  0.00 526.54  5.60
4  69.00  0.00 99.00  0.00 81.00  0.00 87.00  0.00 499.63  4.20
4  69.00  0.00 105.00  0.00 84.00  0.00 90.00  0.00 478.97  3.92
4  69.00  0.00 111.00  0.00 87.00  0.00 93.00  0.00 431.41  4.54
4  69.00  0.00 117.00  0.00 90.00  0.00 96.00  0.00 384.38  4.65
4  69.00  0.00 123.00  0.00 93.00  0.00 99.00  0.00 362.89  4.47
4  69.00  0.00 129.00  0.00 96.00  0.00 102.00  0.00 354.52  4.65
4  69.00  0.00 135.00  0.00 99.00  0.00 105.00  0.00 350.42  4.48
4  69.00  0.00 141.00  0.00 102.00  0.00 108.00  0.00 338.53  5.00
4  69.00  0.00 84.00  0.00 72.00  0.00 81.00  0.00 918.69  9.74
4  69.00  0.00 90.00  0.00 75.00  0.00 84.00  0.00 591.66  7.57
4  69.00  0.00 96.00  0.00 78.00  0.00 87.00  0.00 484.59  5.33
4  69.00  0.00 102.00  0.00 81.00  0.00 90.00  0.00 478.09  4.68
4  69.00  0.00 108.00  0.00 84.00  0.00 93.00  0.00 464.04  3.98
4  69.00  0.00 114.00  0.00 87.00  0.00 96.00  0.00 417.69  4.42
4  69.00  0.00 120.00  0.00 90.00  0.00 99.00  0.00 373.41  4.67
4  69.00  0.00 126.00  0.00 93.00  0.00 102.00  0.00 370.37  4.39
4  69.00  0.00 132.00  0.00 96.00  0.00 105.00  0.00 365.11  4.46
4  69.00  0.00 138.00  0.00 99.00  0.00 108.00  0.00 358.16  4.67
4  72.00  0.00 81.00  0.00 75.00  0.00 78.00  0.00 540.84  8.87
4  72.00  0.00 87.00  0.00 78.00  0.00 81.00  0.00 528.22  9.19
4  72.00  0.00 93.00  0.00 81.00  0.00 84.00  0.00 486.49  6.68
4  72.00  0.00 99.00  0.00 84.00  0.00 87.00  0.00 469.59  4.48
4  72.00  0.00 105.00  0.00 87.00  0.00 90.00  0.00 444.57  3.31
4  72.00  0.00 111.00  0.00 90.00  0.00 93.00  0.00 396.22  5.19
4  72.00  0.00 117.00  0.00 93.00  0.00 96.00  0.00 349.71  4.99
4  72.00  0.00 123.00  0.00 96.00  0.00 99.00  0.00 354.61  4.60
4  72.00  0.00 129.00  0.00 99.00  0.00 102.00  0.00 347.17  4.71
4  72.00  0.00 135.00  0.00 102.00  0.00 105.00  0.00 344.87  4.37
4  72.00  0.00 141.00  0.00 105.00  0.00 108.00  0.00 337.52  4.30
4  72.00  0.00 84.00  0.00 75.00  0.00 81.00  0.00 704.12  9.42
4  72.00  0.00 90.00  0.00 78.00  0.00 84.00  0.00 552.64  8.01
4  72.00  0.00 96.00  0.00 81.00  0.00 87.00  0.00 494.73  4.90
4  72.00  0.00 102.00  0.00 84.00  0.00 90.00  0.00 486.33  4.20
4  72.00  0.00 108.00  0.00 87.00  0.00 93.00  0.00 442.50  4.28
4  72.00  0.00 114.00  0.00 90.00  0.00 96.00  0.00 387.37  4.79
4  72.00  0.00 120.00  0.00 93.00  0.00 99.00  0.00 345.78  4.66
4  72.00  0.00 126.00  0.00 96.00  0.00 102.00  0.00 348.47  4.50
4  72.00  0.00 132.00  0.00 99.00  0.00 105.00  0.00 352.64  4.70
4  72.00  0.00 138.00  0.00 102.00  0.00 108.00  0.00 344.12  4.50
4  72.00  0.00 87.00  0.00 75.00  0.00 84.00  0.00 716.92  8.90
4  72.00  0.00 93.00  0.00 78.00  0.00 87.00  0.00 478.71  6.96
4  72.00  0.00 99.00  0.00 81.00  0.00 90.00  0.00 470.98  4.69
4  72.00  0.00 105.00  0.00 84.00  0.00 93.00  0.00 467.65  4.73
4  72.00  0.00 111.00  0.00 87.00  0.00 96.00  0.00 426.76  4.48
4  72.00  0.00 117.00  0.00 90.00  0.00 99.00  0.00 378.30  4.68
4  72.00  0.00 123.00  0.00 93.00  0.00 102.00  0.00 348.98  4.85
4  72.00  0.00 129.00  0.00 96.00  0.00 105.00  0.00 361.45  4.45
4  72.00  0.00 135.00  0.00 99.00  0.00 108.00  0.00 358.11  4.49
4  72.00  0.00 141.00  0.00 102.00  0.00 111.00  0.00 351.36  4.77
4  75.00  0.00 84.00  0.00 78.00  0.00 81.00  0.00 609.67  9.76
4  75.00  0.00 90.00  0.00 81.00  0.00 84.00  0.00 528.22  9.77
4  75.00  0.00 96.00  0.00 84.00  0.00 87.00  0.00 465.81  5.04
4  75.00  0.00 102.00  0.00 87.00  0.00 90.00  0.00 423.46  4.48
4  75.00  0.00 108.00  0.00 90.00  0.00 93.00  0.00 392.14  4.67
4  75.00  0.00 114.00  0.00 93.00  0.00 96.00  0.00 350.07  5.40
4  75.00  0.00 120.00  0.00 96.00  0.00 99.00  0.00 338.51  5.09
4  75.00  0.00 126.00  0.00 99.00  0.00 102.00  0.00 352.34  4.58
4  75.00  0.00 132.00  0.00 102.00  0.00 105.00  0.00 348.15  4.83
4  75.00  0.00 138.00  0.00 105.00  0.00 108.00  0.00 341.25  4.41
4  75.00  0.00 87.00  0.00 78.00  0.00 84.00  0.00 614.08  8.94
4  75.00  0.00 93.00  0.00 81.00  0.00 87.00  0.00 471.20  7.89
4  75.00  0.00 99.00  0.00 84.00  0.00 90.00  0.00 455.78  3.99
4  75.00  0.00 105.00  0.00 87.00  0.00 93.00  0.00 430.50  4.62
4  75.00  0.00 111.00  0.00 90.00  0.00 96.00  0.00 387.50  5.12
4  75.00  0.00 117.00  0.00 93.00  0.00 99.00  0.00 349.88  5.05
4  75.00  0.00 123.00  0.00 96.00  0.00 102.00  0.00 340.90  4.76
4  75.00  0.00 129.00  0.00 99.00  0.00 105.00  0.00 348.47  4.50
4  75.00  0.00 135.00  0.00 102.00  0.00 108.00  0.00 352.64  4.84
4  75.00  0.00 141.00  0.00 105.00  0.00 111.00  0.00 340.54  4.60
4  75.00  0.00 90.00  0.00 78.00  0.00 87.00  0.00 483.47  6.55
4  75.00  0.00 96.00  0.00 81.00  0.00 90.00  0.00 454.96  6.64
4  75.00  0.00 102.00  0.00 84.00  0.00 93.00  0.00 462.22  4.69
4  75.00  0.00 108.00  0.00 87.00  0.00 96.00  0.00 417.78  5.04
4  75.00  0.00 114.00  0.00 90.00  0.00 99.00  0.00 376.14  5.01
4  75.00  0.00 120.00  0.00 93.00  0.00 102.00  0.00 348.93  4.99
4  75.00  0.00 126.00  0.00 96.00  0.00 105.00  0.00 348.98  4.89
4  75.00  0.00 132.00  0.00 99.00  0.00 108.00  0.00 360.86  4.56
4  75.00  0.00 138.00  0.00 102.00  0.00 111.00  0.00 351.67  4.53
4  78.00  0.00 87.00  0.00 81.00  0.00 84.00  0.00 497.95  8.80
4  78.00  0.00 93.00  0.00 84.00  0.00 87.00  0.00 528.22  9.77
4  78.00  0.00 99.00  0.00 87.00  0.00 90.00  0.00 455.59  4.99
4  78.00  0.00 105.00  0.00 90.00  0.00 93.00  0.00 375.36  5.66
4  78.00  0.00 111.00  0.00 93.00  0.00 96.00  0.00 337.09  6.03
4  78.00  0.00 117.00  0.00 96.00  0.00 99.00  0.00 330.29  5.62
4  78.00  0.00 123.00  0.00 99.00  0.00 102.00  0.00 338.23  5.17
4  78.00  0.00 129.00  0.00 102.00  0.00 105.00  0.00 352.34  4.65
4  78.00  0.00 135.00  0.00 105.00  0.00 108.00  0.00 350.11  4.93
4  78.00  0.00 141.00  0.00 108.00  0.00 111.00  0.00 341.12  4.49
4  78.00  0.00 90.00  0.00 81.00  0.00 87.00  0.00 396.99  6.34
4  78.00  0.00 96.00  0.00 84.00  0.00 90.00  0.00 471.20  8.01
4  78.00  0.00 102.00  0.00 87.00  0.00 93.00  0.00 408.03  3.99
4  78.00  0.00 108.00  0.00 90.00  0.00 96.00  0.00 375.34  5.54
4  78.00  0.00 114.00  0.00 93.00  0.00 99.00  0.00 333.40  5.96
4  78.00  0.00 120.00  0.00 96.00  0.00 102.00  0.00 344.50  5.34
4  78.00  0.00 126.00  0.00 99.00  0.00 105.00  0.00 340.90  4.87
4  78.00  0.00 132.00  0.00 102.00  0.00 108.00  0.00 351.27  4.54
4  78.00  0.00 138.00  0.00 105.00  0.00 111.00  0.00 350.76  4.88
4  78.00  0.00 93.00  0.00 81.00  0.00 90.00  0.00 335.09  7.82
4  78.00  0.00 99.00  0.00 84.00  0.00 93.00  0.00 454.96  6.64
4  78.00  0.00 105.00  0.00 87.00  0.00 96.00  0.00 387.62  5.19
4  78.00  0.00 111.00  0.00 90.00  0.00 99.00  0.00 370.84  5.66
4  78.00  0.00 117.00  0.00 93.00  0.00 102.00  0.00 334.04  5.54
4  78.00  0.00 123.00  0.00 96.00  0.00 105.00  0.00 346.66  5.03
4  78.00  0.00 129.00  0.00 99.00  0.00 108.00  0.00 352.22  4.89
4  78.00  0.00 135.00  0.00 102.00  0.00 111.00  0.00 360.86  4.66
4  78.00  0.00 141.00  0.00 105.00  0.00 114.00  0.00 346.78  4.57
4  81.00  0.00 90.00  0.00 84.00  0.00 87.00  0.00 499.88  7.93
4  81.00  0.00 96.00  0.00 87.00  0.00 90.00  0.00 387.51  9.77
4  81.00  0.00 102.00  0.00 90.00  0.00 93.00  0.00 385.41  5.04
4  81.00  0.00 108.00  0.00 93.00  0.00 96.00  0.00 317.82  6.83
4  81.00  0.00 114.00  0.00 96.00  0.00 99.00  0.00 307.18  7.39
4  81.00  0.00 120.00  0.00 99.00  0.00 102.00  0.00 320.19  5.62
4  81.00  0.00 126.00  0.00 102.00  0.00 105.00  0.00 338.23  5.17
4  81.00  0.00 132.00  0.00 105.00  0.00 108.00  0.00 355.69  4.69
4  81.00  0.00 138.00  0.00 108.00  0.00 111.00  0.00 350.81  4.95
4  81.00  0.00 93.00  0.00 84.00  0.00 90.00  0.00 468.39  9.93
4  81.00  0.00 99.00  0.00 87.00  0.00 93.00  0.00 388.70  9.23
4  81.00  0.00 105.00  0.00 90.00  0.00 96.00  0.00 366.16  6.85
4  81.00  0.00 111.00  0.00 93.00  0.00 99.00  0.00 315.50  6.45
4  81.00  0.00 117.00  0.00 96.00  0.00 102.00  0.00 311.04  6.44
4  81.00  0.00 123.00  0.00 99.00  0.00 105.00  0.00 344.50  5.38
4  81.00  0.00 129.00  0.00 102.00  0.00 108.00  0.00 348.28  4.87
4  81.00  0.00 135.00  0.00 105.00  0.00 111.00  0.00 356.86  4.54
4  81.00  0.00 141.00  0.00 108.00  0.00 114.00  0.00 350.76  4.92
4  81.00  0.00 96.00  0.00 84.00  0.00 93.00  0.00 416.65  8.89
4  81.00  0.00 102.00  0.00 87.00  0.00 96.00  0.00 362.02  9.55
4  81.00  0.00 108.00  0.00 90.00  0.00 99.00  0.00 358.50  6.80
4  81.00  0.00 114.00  0.00 93.00  0.00 102.00  0.00 318.91  6.24
4  81.00  0.00 120.00  0.00 96.00  0.00 105.00  0.00 318.24  5.57
4  81.00  0.00 126.00  0.00 99.00  0.00 108.00  0.00 346.66  5.08
4  81.00  0.00 132.00  0.00 102.00  0.00 111.00  0.00 361.42  4.88
4  81.00  0.00 138.00  0.00 105.00  0.00 114.00  0.00 360.27  4.66
4  84.00  0.00 93.00  0.00 87.00  0.00 90.00  0.00 526.02  10.01
4  84.00  0.00 99.00  0.00 90.00  0.00 93.00  0.00 368.52  12.00
4  84.00  0.00 105.00  0.00 93.00  0.00 96.00  0.00 312.90  8.69
4  84.00  0.00 111.00  0.00 96.00  0.00 99.00  0.00 297.83  8.00
4  84.00  0.00 117.00  0.00 99.00  0.00 102.00  0.00 300.72  6.81
4  84.00  0.00 123.00  0.00 102.00  0.00 105.00  0.00 320.19  5.58
4  84.00  0.00 129.00  0.00 105.00  0.00 108.00  0.00 349.19  5.15
4  84.00  0.00 135.00  0.00 108.00  0.00 111.00  0.00 362.41  4.61
4  84.00  0.00 141.00  0.00 111.00  0.00 114.00  0.00 352.23  4.95
4  84.00  0.00 96.00  0.00 87.00  0.00 93.00  0.00 452.71  8.66
4  84.00  0.00 102.00  0.00 90.00  0.00 96.00  0.00 348.78  10.00
4  84.00  0.00 108.00  0.00 93.00  0.00 99.00  0.00 305.83  8.66
4  84.00  0.00 114.00  0.00 96.00  0.00 102.00  0.00 302.08  6.93
4  84.00  0.00 120.00  0.00 99.00  0.00 105.00  0.00 309.18  6.10
4  84.00  0.00 126.00  0.00 102.00  0.00 108.00  0.00 345.08  5.38
4  84.00  0.00 132.00  0.00 105.00  0.00 111.00  0.00 360.99  4.78
4  84.00  0.00 138.00  0.00 108.00  0.00 114.00  0.00 358.91  4.55
4  84.00  0.00 99.00  0.00 87.00  0.00 96.00  0.00 430.80  9.18
4  84.00  0.00 105.00  0.00 90.00  0.00 99.00  0.00 342.20  9.59
4  84.00  0.00 111.00  0.00 93.00  0.00 102.00  0.00 311.34  7.42
4  84.00  0.00 117.00  0.00 96.00  0.00 105.00  0.00 309.38  6.56
4  84.00  0.00 123.00  0.00 99.00  0.00 108.00  0.00 320.30  5.49
4  84.00  0.00 129.00  0.00 102.00  0.00 111.00  0.00 354.28  5.03
4  84.00  0.00 135.00  0.00 105.00  0.00 114.00  0.00 376.55  4.86
4  84.00  0.00 141.00  0.00 108.00  0.00 117.00  0.00 360.27  4.66
4  87.00  0.00 96.00  0.00 90.00  0.00 93.00  0.00 308.56  5.33
4  87.00  0.00 102.00  0.00 93.00  0.00 96.00  0.00 275.27  12.31
4  87.00  0.00 108.00  0.00 96.00  0.00 99.00  0.00 254.69  8.69
4  87.00  0.00 114.00  0.00 99.00  0.00 102.00  0.00 279.82  7.43
4  87.00  0.00 120.00  0.00 102.00  0.00 105.00  0.00 300.09  6.23
4  87.00  0.00 126.00  0.00 105.00  0.00 108.00  0.00 329.17  5.54
4  87.00  0.00 132.00  0.00 108.00  0.00 111.00  0.00 360.98  5.04
4  87.00  0.00 138.00  0.00 111.00  0.00 114.00  0.00 364.82  4.59
4  87.00  0.00 99.00  0.00 90.00  0.00 96.00  0.00 300.10  7.13
4  87.00  0.00 105.00  0.00 93.00  0.00 99.00  0.00 272.40  11.63
4  87.00  0.00 111.00  0.00 96.00  0.00 102.00  0.00 268.75  8.66
4  87.00  0.00 117.00  0.00 99.00  0.00 105.00  0.00 290.49  6.65
4  87.00  0.00 123.00  0.00 102.00  0.00 108.00  0.00 315.16  5.75
4  87.00  0.00 129.00  0.00 105.00  0.00 111.00  0.00 348.21  5.29
4  87.00  0.00 135.00  0.00 108.00  0.00 114.00  0.00 379.05  4.68
4  87.00  0.00 141.00  0.00 111.00  0.00 117.00  0.00 362.63  4.50
4  87.00  0.00 102.00  0.00 90.00  0.00 99.00  0.00 294.37  7.06
4  87.00  0.00 108.00  0.00 93.00  0.00 102.00  0.00 278.69  10.69
4  87.00  0.00 114.00  0.00 96.00  0.00 105.00  0.00 269.71  7.42
4  87.00  0.00 120.00  0.00 99.00  0.00 108.00  0.00 302.33  6.26
4  87.00  0.00 126.00  0.00 102.00  0.00 111.00  0.00 333.35  5.40
4  87.00  0.00 132.00  0.00 105.00  0.00 114.00  0.00 363.35  4.96
4  87.00  0.00 138.00  0.00 108.00  0.00 117.00  0.00 391.89  4.84
4  90.00  0.00 99.00  0.00 93.00  0.00 96.00  0.00 202.86  12.87
4  90.00  0.00 105.00  0.00 96.00  0.00 99.00  0.00 212.81  12.31
4  90.00  0.00 111.00  0.00 99.00  0.00 102.00  0.00 251.40  8.31
4  90.00  0.00 117.00  0.00 102.00  0.00 105.00  0.00 277.15  6.86
4  90.00  0.00 123.00  0.00 105.00  0.00 108.00  0.00 306.82  5.51
4  90.00  0.00 129.00  0.00 108.00  0.00 111.00  0.00 338.15  5.43
4  90.00  0.00 135.00  0.00 111.00  0.00 114.00  0.00 373.59  5.00
4  90.00  0.00 141.00  0.00 114.00  0.00 117.00  0.00 369.52  4.53
4  90.00  0.00 102.00  0.00 93.00  0.00 99.00  0.00 204.40  11.51
4  90.00  0.00 108.00  0.00 96.00  0.00 102.00  0.00 228.18  11.63
4  90.00  0.00 114.00  0.00 99.00  0.00 105.00  0.00 253.66  7.45
4  90.00  0.00 120.00  0.00 102.00  0.00 108.00  0.00 290.32  6.23
4  90.00  0.00 126.00  0.00 105.00  0.00 111.00  0.00 323.14  5.25
4  90.00  0.00 132.00  0.00 108.00  0.00 114.00  0.00 352.78  5.12
4  90.00  0.00 138.00  0.00 111.00  0.00 117.00  0.00 391.84  4.68
4  90.00  0.00 105.00  0.00 93.00  0.00 102.00  0.00 213.64  10.87
4  90.00  0.00 111.00  0.00 96.00  0.00 105.00  0.00 240.44  10.69
4  90.00  0.00 117.00  0.00 99.00  0.00 108.00  0.00 265.69  6.69
4  90.00  0.00 123.00  0.00 102.00  0.00 111.00  0.00 309.38  5.96
4  90.00  0.00 129.00  0.00 105.00  0.00 114.00  0.00 346.40  5.31
4  90.00  0.00 135.00  0.00 108.00  0.00 117.00  0.00 373.88  4.89
4  90.00  0.00 141.00  0.00 111.00  0.00 120.00  0.00 399.55  4.83
4  93.00  0.00 102.00  0.00 96.00  0.00 99.00  0.00 135.50  9.35
4  93.00  0.00 108.00  0.00 99.00  0.00 102.00  0.00 193.08  11.88
4  93.00  0.00 114.00  0.00 102.00  0.00 105.00  0.00 228.20  6.50
4  93.00  0.00 120.00  0.00 105.00  0.00 108.00  0.00 279.26  6.23
4  93.00  0.00 126.00  0.00 108.00  0.00 111.00  0.00 313.63  5.38
4  93.00  0.00 132.00  0.00 111.00  0.00 114.00  0.00 347.85  5.24
4  93.00  0.00 138.00  0.00 114.00  0.00 117.00  0.00 376.57  4.99
4  93.00  0.00 105.00  0.00 96.00  0.00 102.00  0.00 152.22  9.21
4  93.00  0.00 111.00  0.00 99.00  0.00 105.00  0.00 208.32  11.58
4  93.00  0.00 117.00  0.00 102.00  0.00 108.00  0.00 253.08  6.38
4  93.00  0.00 123.00  0.00 105.00  0.00 111.00  0.00 297.48  5.81
4  93.00  0.00 129.00  0.00 108.00  0.00 114.00  0.00 331.12  5.09
4  93.00  0.00 135.00  0.00 111.00  0.00 117.00  0.00 358.21  4.89
4  93.00  0.00 141.00  0.00 114.00  0.00 120.00  0.00 398.23  4.68
4  93.00  0.00 108.00  0.00 96.00  0.00 105.00  0.00 163.35  8.73
4  93.00  0.00 114.00  0.00 99.00  0.00 108.00  0.00 223.10  10.69
4  93.00  0.00 120.00  0.00 102.00  0.00 111.00  0.00 265.69  6.14
4  93.00  0.00 126.00  0.00 105.00  0.00 114.00  0.00 316.43  5.64
4  93.00  0.00 132.00  0.00 108.00  0.00 117.00  0.00 357.39  5.19
4  93.00  0.00 138.00  0.00 111.00  0.00 120.00  0.00 379.17  4.88
4  96.00  0.00 105.00  0.00 99.00  0.00 102.00  0.00 130.81  10.19
4  96.00  0.00 111.00  0.00 102.00  0.00 105.00  0.00 192.52  11.08
4  96.00  0.00 117.00  0.00 105.00  0.00 108.00  0.00 228.20  6.50
4  96.00  0.00 123.00  0.00 108.00  0.00 111.00  0.00 286.71  6.19
4  96.00  0.00 129.00  0.00 111.00  0.00 114.00  0.00 320.43  5.24
4  96.00  0.00 135.00  0.00 114.00  0.00 117.00  0.00 349.29  5.17
4  96.00  0.00 141.00  0.00 117.00  0.00 120.00  0.00 378.06  4.99
4  96.00  0.00 108.00  0.00 99.00  0.00 105.00  0.00 144.70  9.31
4  96.00  0.00 114.00  0.00 102.00  0.00 108.00  0.00 208.32  10.97
4  96.00  0.00 120.00  0.00 105.00  0.00 111.00  0.00 253.08  6.38
4  96.00  0.00 126.00  0.00 108.00  0.00 114.00  0.00 304.63  5.65
4  96.00  0.00 132.00  0.00 111.00  0.00 117.00  0.00 333.11  4.94
4  96.00  0.00 138.00  0.00 114.00  0.00 120.00  0.00 365.29  4.79
4  96.00  0.00 111.00  0.00 99.00  0.00 108.00  0.00 165.77  8.52
4  96.00  0.00 117.00  0.00 102.00  0.00 111.00  0.00 223.10  10.86
4  96.00  0.00 123.00  0.00 105.00  0.00 114.00  0.00 282.83  6.14
4  96.00  0.00 129.00  0.00 108.00  0.00 117.00  0.00 323.48  5.56
4  96.00  0.00 135.00  0.00 111.00  0.00 120.00  0.00 354.45  5.09
4  96.00  0.00 141.00  0.00 114.00  0.00 123.00  0.00 381.81  4.88
4  99.00  0.00 108.00  0.00 102.00  0.00 105.00  0.00 127.58  9.15
4  99.00  0.00 114.00  0.00 105.00  0.00 108.00  0.00 192.52  11.08
4  99.00  0.00 120.00  0.00 108.00  0.00 111.00  0.00 249.76  7.05
4  99.00  0.00 126.00  0.00 111.00  0.00 114.00  0.00 294.15  6.15
4  99.00  0.00 132.00  0.00 114.00  0.00 117.00  0.00 320.51  5.39
4  99.00  0.00 138.00  0.00 117.00  0.00 120.00  0.00 350.01  5.07
4  99.00  0.00 111.00  0.00 102.00  0.00 108.00  0.00 154.32  8.42
4  99.00  0.00 117.00  0.00 105.00  0.00 111.00  0.00 219.20  10.97
4  99.00  0.00 123.00  0.00 108.00  0.00 114.00  0.00 283.94  6.42
4  99.00  0.00 129.00  0.00 111.00  0.00 117.00  0.00 311.79  5.62
4  99.00  0.00 135.00  0.00 114.00  0.00 120.00  0.00 332.17  4.91
4  99.00  0.00 141.00  0.00 117.00  0.00 123.00  0.00 368.84  4.75
4  99.00  0.00 114.00  0.00 102.00  0.00 111.00  0.00 173.39  8.68
4  99.00  0.00 120.00  0.00 105.00  0.00 114.00  0.00 244.26  11.00
4  99.00  0.00 126.00  0.00 108.00  0.00 117.00  0.00 294.92  6.21
4  99.00  0.00 132.00  0.00 111.00  0.00 120.00  0.00 320.31  5.42
4  99.00  0.00 138.00  0.00 114.00  0.00 123.00  0.00 348.58  4.99
4  102.00  0.00 111.00  0.00 105.00  0.00 108.00  0.00 148.88  9.00
4  102.00  0.00 117.00  0.00 108.00  0.00 111.00  0.00 216.27  12.13
4  102.00  0.00 123.00  0.00 111.00  0.00 114.00  0.00 270.85  7.05
4  102.00  0.00 129.00  0.00 114.00  0.00 117.00  0.00 299.48  6.17
4  102.00  0.00 135.00  0.00 117.00  0.00 120.00  0.00 320.15  5.42
4  102.00  0.00 141.00  0.00 120.00  0.00 123.00  0.00 350.37  5.14
4  102.00  0.00 114.00  0.00 105.00  0.00 111.00  0.00 171.72  9.09
4  102.00  0.00 120.00  0.00 108.00  0.00 114.00  0.00 246.18  11.73
4  102.00  0.00 126.00  0.00 111.00  0.00 117.00  0.00 284.41  6.42
4  102.00  0.00 132.00  0.00 114.00  0.00 120.00  0.00 311.79  5.58
4  102.00  0.00 138.00  0.00 117.00  0.00 123.00  0.00 330.29  4.88
4  102.00  0.00 117.00  0.00 105.00  0.00 114.00  0.00 192.85  8.99
4  102.00  0.00 123.00  0.00 108.00  0.00 117.00  0.00 255.54  11.00
4  102.00  0.00 129.00  0.00 111.00  0.00 120.00  0.00 294.92  6.21
4  102.00  0.00 135.00  0.00 114.00  0.00 123.00  0.00 316.88  5.27
4  102.00  0.00 141.00  0.00 117.00  0.00 126.00  0.00 344.18  4.99
4  105.00  0.00 114.00  0.00 108.00  0.00 111.00  0.00 166.19  9.97
4  105.00  0.00 120.00  0.00 111.00  0.00 114.00  0.00 237.95  12.13
4  105.00  0.00 126.00  0.00 114.00  0.00 117.00  0.00 276.72  7.08
4  105.00  0.00 132.00  0.00 117.00  0.00 120.00  0.00 299.48  6.06
4  105.00  0.00 138.00  0.00 120.00  0.00 123.00  0.00 319.45  5.57
4  105.00  0.00 117.00  0.00 108.00  0.00 114.00  0.00 191.95  9.54
4  105.00  0.00 123.00  0.00 111.00  0.00 117.00  0.00 253.96  11.73
4  105.00  0.00 129.00  0.00 114.00  0.00 120.00  0.00 284.41  6.42
4  105.00  0.00 135.00  0.00 117.00  0.00 123.00  0.00 309.93  5.55
4  105.00  0.00 141.00  0.00 120.00  0.00 126.00  0.00 328.88  4.85
4  105.00  0.00 120.00  0.00 108.00  0.00 117.00  0.00 198.09  8.55
4  105.00  0.00 126.00  0.00 111.00  0.00 120.00  0.00 262.43  10.14
4  105.00  0.00 132.00  0.00 114.00  0.00 123.00  0.00 289.07  5.63
4  105.00  0.00 138.00  0.00 117.00  0.00 126.00  0.00 313.19  5.18
4  108.00  0.00 117.00  0.00 111.00  0.00 114.00  0.00 198.34  10.07
4  108.00  0.00 123.00  0.00 114.00  0.00 117.00  0.00 249.85  12.35
4  108.00  0.00 129.00  0.00 117.00  0.00 120.00  0.00 276.69  6.33
4  108.00  0.00 135.00  0.00 120.00  0.00 123.00  0.00 299.43  6.01
4  108.00  0.00 141.00  0.00 123.00  0.00 126.00  0.00 318.92  5.51
4  108.00  0.00 120.00  0.00 111.00  0.00 117.00  0.00 204.95  9.11
4  108.00  0.00 126.00  0.00 114.00  0.00 120.00  0.00 255.50  11.36
4  108.00  0.00 132.00  0.00 117.00  0.00 123.00  0.00 281.91  5.58
4  108.00  0.00 138.00  0.00 120.00  0.00 126.00  0.00 306.22  5.53
4  108.00  0.00 123.00  0.00 111.00  0.00 120.00  0.00 212.40  9.16
4  108.00  0.00 129.00  0.00 114.00  0.00 123.00  0.00 264.80  10.13
4  108.00  0.00 135.00  0.00 117.00  0.00 126.00  0.00 289.07  5.63
4  108.00  0.00 141.00  0.00 120.00  0.00 129.00  0.00 312.81  5.17
4  111.00  0.00 120.00  0.00 114.00  0.00 117.00  0.00 198.63  9.72
4  111.00  0.00 126.00  0.00 117.00  0.00 120.00  0.00 245.62  12.12
4  111.00  0.00 132.00  0.00 120.00  0.00 123.00  0.00 276.72  6.78
4  111.00  0.00 138.00  0.00 123.00  0.00 126.00  0.00 299.34  5.90
4  111.00  0.00 123.00  0.00 114.00  0.00 120.00  0.00 211.99  9.71
4  111.00  0.00 129.00  0.00 117.00  0.00 123.00  0.00 264.08  10.80
4  111.00  0.00 135.00  0.00 120.00  0.00 126.00  0.00 281.91  5.58
4  111.00  0.00 141.00  0.00 123.00  0.00 129.00  0.00 303.44  5.52
4  111.00  0.00 126.00  0.00 114.00  0.00 123.00  0.00 220.85  8.88
4  111.00  0.00 132.00  0.00 117.00  0.00 126.00  0.00 269.81  10.14
4  111.00  0.00 138.00  0.00 120.00  0.00 129.00  0.00 291.83  5.91
4  114.00  0.00 123.00  0.00 117.00  0.00 120.00  0.00 209.73  10.95
4  114.00  0.00 135.00  0.00 123.00  0.00 126.00  0.00 282.39  6.22
4  114.00  0.00 141.00  0.00 126.00  0.00 129.00  0.00 299.26  5.93
4  114.00  0.00 126.00  0.00 117.00  0.00 123.00  0.00 222.67  9.52
4  114.00  0.00 132.00  0.00 120.00  0.00 126.00  0.00 266.04  11.36
4  114.00  0.00 138.00  0.00 123.00  0.00 129.00  0.00 295.95  5.94
4  114.00  0.00 129.00  0.00 117.00  0.00 126.00  0.00 232.03  9.10
4  114.00  0.00 135.00  0.00 120.00  0.00 129.00  0.00 270.15  10.44
4  114.00  0.00 141.00  0.00 123.00  0.00 132.00  0.00 301.06  5.92
4  117.00  0.00 126.00  0.00 120.00  0.00 123.00  0.00 208.92  9.08
4  117.00  0.00 138.00  0.00 126.00  0.00 129.00  0.00 291.42  6.22
4  117.00  0.00 129.00  0.00 120.00  0.00 126.00  0.00 223.66  9.00
4  117.00  0.00 135.00  0.00 123.00  0.00 129.00  0.00 270.75  11.37
4  117.00  0.00 141.00  0.00 126.00  0.00 132.00  0.00 302.70  6.21
4  117.00  0.00 132.00  0.00 120.00  0.00 129.00  0.00 229.84  8.40
4  117.00  0.00 138.00  0.00 123.00  0.00 132.00  0.00 276.71  10.44
4  120.00  0.00 129.00  0.00 123.00  0.00 126.00  0.00 209.78  10.31
4  120.00  0.00 135.00  0.00 126.00  0.00 129.00  0.00 262.06  11.49
4  120.00  0.00 141.00  0.00 129.00  0.00 132.00  0.00 299.10  6.18
4  120.00  0.00 132.00  0.00 123.00  0.00 129.00  0.00 222.52  9.30
4  120.00  0.00 138.00  0.00 126.00  0.00 132.00  0.00 274.91  11.37
4  120.00  0.00 135.00  0.00 123.00  0.00 132.00  0.00 221.41  8.42
4  120.00  0.00 141.00  0.00 126.00  0.00 135.00  0.00 283.51  10.69
4  123.00  0.00 132.00  0.00 126.00  0.00 129.00  0.00 211.74  9.47
4  123.00  0.00 138.00  0.00 129.00  0.00 132.00  0.00 262.06  11.49
4  123.00  0.00 135.00  0.00 126.00  0.00 132.00  0.00 216.34  8.29
4  123.00  0.00 141.00  0.00 129.00  0.00 135.00  0.00 281.10  11.14
4  123.00  0.00 138.00  0.00 126.00  0.00 135.00  0.00 225.34  7.75
4  126.00  0.00 135.00  0.00 129.00  0.00 132.00  0.00 204.26  8.99
4  126.00  0.00 138.00  0.00 129.00  0.00 135.00  0.00 218.43  8.28
4  126.00  0.00 141.00  0.00 129.00  0.00 138.00  0.00 224.77  9.22
4  129.00  0.00 138.00  0.00 132.00  0.00 135.00  0.00 204.50  8.75
4  129.00  0.00 141.00  0.00 132.00  0.00 138.00  0.00 212.75  9.64
4  132.00  0.00 141.00  0.00 135.00  0.00 138.00  0.00 178.55  7.88
0
0
0
0
